271 271 -3.44
78 243 7.78
75 50 5.3
148 40 0.64
197 192 9.68
65 175 0.25
239 202 1.69
142 263 1.75
83 138 8.63
224 249 -6.44
85 175 -1.36
73 173 9.88
66 168 6.08
130 267 6.44
171 158 -1.35
112 173 8.53
108 138 3.01
71 161 0.88
104 190 -5.09
235 15 0.2
264 28 9.92
23 225 2.72
54 212 -0.86
57 35 -5.91
178 38 -2.87
265 164 -7.26
173 253 4.94
263 211 -5.39
172 36 -2.22
181 81 -1.07
25 174 -4.54
17 107 0.1
56 13 4.47
163 7 7.08
220 88 -7.77
20 115 5.38
8 174 -8.33
152 158 -8.98
164 261 7.17
7 223 0.9
190 162 4.43
188 197 -0.82
161 261 9.06
88 263 -9.03
31 59 2.67
173 164 9.69
258 94 3.29
159 38 0.66
137 105 -7.61
251 156 8.86
70 124 -9.43
241 36 -5.98
97 178 2.5
152 90 1.49
76 76 -4.78
227 184 -5.27
213 224 -9.79
211 270 6.51
59 197 -3.57
258 213 -2.79
98 135 -8.55
173 20 -7.43
79 61 -3.7
220 206 0.25
128 27 -1.92
70 137 0.81
33 127 7.67
217 31 -8.72
167 44 1.07
194 250 8.94
236 174 4.8
58 73 -4.45
92 100 -4.79
56 0 -6.08
101 121 -0.43
263 223 -1.69
236 70 0.16
10 97 8.2
1 173 3.31
215 14 -8.66
156 185 -7.45
89 270 -4.8
65 243 8.75
137 159 -6.59
53 75 5.53
128 153 -8.49
103 78 7.57
6 187 6.26
110 73 9.3
156 246 0.28
68 219 0.93
105 125 -2.01
258 103 -3.16
158 189 3.75
57 137 1.2
47 243 -6.27
128 87 7.56
124 233 6.56
207 100 0.09
228 47 1.95
135 252 -4.54
49 103 9.1
249 258 -6.29
181 48 -3.57
1 131 -3.58
195 70 -1.63
89 232 7.0
147 240 9.12
116 12 -9.23
251 22 -6.79
201 198 -6.49
263 96 8.43
24 97 -4.68
81 116 7.12
134 40 5.32
196 54 5.66
162 34 -9.44
57 91 1.34
152 122 6.04
62 185 6.84
79 81 1.75
265 136 6.08
232 65 -0.24
136 124 -9.14
128 73 -2.55
173 83 -6.49
173 56 -1.55
203 56 2.25
13 85 2.73
262 110 -2.03
57 102 7.59
172 8 3.4
24 79 2.87
134 49 -7.89
188 84 6.03
242 171 4.4
28 249 -9.1
176 190 -6.36
137 242 -7.13
136 71 -3.45
220 45 -4.11
232 122 0.3
111 11 -7.48
129 161 2.39
87 46 1.65
270 261 9.39
45 256 7.55
182 269 8.36
15 245 3.01
100 9 1.5
185 238 3.63
34 16 -0.26
240 153 -6.64
96 181 2.98
166 151 -5.81
53 8 6.88
178 68 5.9
160 160 -1.27
214 67 7.68
238 148 5.9
230 72 -1.82
144 4 6.19
1 48 4.36
204 250 -5.78
204 156 -2.58
105 215 5.74
210 78 9.81
249 145 -4.31
1 100 2.27
260 159 -1.45
37 186 6.36
229 135 -4.82
42 23 -5.01
62 120 6.36
94 225 -9.7
147 172 -7.58
226 199 9.88
177 34 -2.06
67 251 7.58
10 111 -8.24
135 154 -7.35
20 176 3.79
99 67 8.13
179 213 -5.3
65 70 5.65
162 73 2.72
127 62 -2.67
36 60 6.69
10 63 1.11
267 142 3.6
48 158 1.54
1 269 8.15
112 233 -2.04
2 261 1.67
101 103 -4.01
215 253 5.88
117 89 -8.97
48 199 7.17
190 0 -7.37
90 222 2.35
45 14 -8.33
23 7 -2.1
186 30 6.88
259 27 6.21
205 241 -9.88
225 182 -9.02
245 140 -0.01
267 163 7.98
215 218 -1.34
265 204 -4.43
6 123 6.75
8 216 -1.98
137 161 6.76
160 15 -5.94
235 35 -2.53
110 211 -5.57
166 39 9.83
239 256 -6.54
241 124 0.91
191 35 7.11
226 139 -4.0
209 11 -0.57
215 101 -0.48
130 206 -6.35
91 35 -0.34
193 135 -9.87
145 188 1.43
248 11 -2.46
182 123 -9.3
93 163 7.79
172 92 -8.96
63 129 -0.43
20 264 -6.12
182 36 0.74
100 150 -9.43
72 15 9.62
116 267 -1.69
254 122 1.29
268 84 -5.86
2 44 -8.42
119 161 -6.39
49 121 -5.78
251 94 5.88
269 119 9.38
249 170 -4.22
234 157 -0.91
236 64 -2.65
117 115 -9.8
39 249 0.42
149 225 7.95
149 155 2.22
250 89 2.3
50 50 -3.85
187 115 1.18
141 199 6.6
13 261 5.6
194 61 -7.98
82 102 3.37
21 176 -6.56
125 245 1.88
256 185 -9.89
102 166 -6.69
62 151 -5.72
70 188 -5.81
24 35 9.43
202 233 4.53
181 177 4.89
148 26 -3.49
115 149 -3.13
221 256 -8.21
59 36 2.03
153 5 -5.33
64 58 1.53
103 161 2.28
135 130 1.59
125 244 9.67
108 189 -4.44
254 3 -7.01
49 114 -4.65
66 113 1.53
4 41 3.31
115 122 -6.56
249 189 -6.69
39 270 3.74
37 210 -0.08
232 187 1.96
214 118 -9.29
251 46 4.25
261 117 -9.5
107 141 -3.08
246 61 -6.42
181 256 1.63
12 211 0.54
131 253 0.89
206 242 9.14
54 60 -7.36
199 188 3.93
145 107 -4.28
70 235 -9.44
48 106 -0.56
122 9 5.04
195 150 -0.96
26 82 9.06
220 202 -2.6
55 254 -9.24
187 139 9.4
253 242 4.15
15 114 6.06
239 54 -4.07
98 268 -2.1
218 100 1.14
62 202 0.04
177 229 -9.08
257 127 3.57
216 180 2.34
111 7 -5.28
33 255 3.71
53 20 -7.48
208 230 -3.96
0 88 8.48
156 251 1.24
65 179 4.55
100 78 -3.54
117 33 6.25
225 246 9.44
42 170 -7.67
154 167 -9.19
89 177 -2.07
114 103 8.41
243 206 2.31
193 237 7.65
170 40 -4.25
13 196 -0.71
125 263 -9.74
32 235 -4.21
59 53 2.18
239 46 -7.76
117 262 3.4
74 232 6.38
172 10 -8.03
115 83 -0.15
185 56 -2.67
207 10 8.76
77 236 6.01
157 102 1.97
122 214 8.4
145 227 -3.16
95 53 9.83
123 213 0.75
188 63 -1.06
198 183 1.1
122 262 6.26
75 134 9.05
102 37 -2.48
239 238 0.51
33 78 -1.59
125 14 -2.75
185 174 3.39
221 162 1.69
21 236 -7.53
150 39 -0.2
3 92 -4.02
98 242 6.11
242 122 9.76
24 257 7.54
90 238 1.28
31 124 3.48
60 265 4.57
196 119 -3.05
173 21 6.06
115 76 -1.43
144 236 -8.81
159 208 2.01
3 109 6.6
263 42 3.11
118 199 -7.92
21 226 -3.16
176 83 8.6
99 236 -6.93
23 204 -9.67
211 36 -0.78
120 116 -7.65
256 203 -0.98
8 189 -4.28
8 228 -2.67
62 118 6.84
246 81 -5.47
84 151 -1.26
72 212 -8.43
112 147 1.92
253 191 -3.89
222 38 6.99
114 109 0.71
243 85 3.33
4 195 -3.34
227 85 1.98
115 266 -8.3
139 5 8.17
9 187 5.47
121 110 8.61
147 51 -6.04
89 103 4.46
47 208 -1.24
252 211 9.5
263 230 -5.15
191 99 -4.42
268 24 -4.15
220 188 6.09
191 152 1.19
64 40 6.06
236 170 1.06
5 152 -8.79
66 14 9.09
254 243 -2.26
172 43 9.84
23 257 0.4
82 92 -4.31
182 167 -4.22
250 267 -6.52
16 13 -0.79
265 216 4.06
27 198 -7.64
43 156 -4.45
50 227 -0.64
183 218 -6.55
253 194 -2.5
157 100 -9.07
135 198 3.49
46 203 8.51
263 208 -6.25
198 190 7.45
194 158 -6.48
73 120 -4.44
175 134 2.09
59 154 -0.76
45 176 -1.43
193 99 -9.53
156 136 1.59
159 270 -4.91
179 182 1.14
32 187 -2.96
21 229 -0.06
88 32 0.97
122 23 4.86
43 196 -7.56
211 258 -0.96
200 159 5.79
83 25 -5.37
241 56 -8.34
1 248 -6.98
134 244 -7.62
64 17 4.38
206 215 -8.1
268 94 5.18
234 93 -6.52
227 17 -4.09
55 90 -0.29
270 70 2.52
74 254 -1.98
122 28 -7.42
129 138 -4.59
194 212 -1.76
42 202 -7.07
6 190 -1.22
196 111 9.96
164 34 -3.46
149 247 -8.49
33 185 -5.07
68 30 -1.42
182 169 -2.48
89 124 4.59
13 145 8.2
135 184 2.66
124 36 6.48
92 150 1.46
4 97 7.18
108 163 3.26
62 66 5.88
45 112 -9.93
78 88 1.93
239 38 -5.58
39 236 0.85
134 15 7.9
183 200 2.14
221 189 2.72
259 5 8.24
92 104 0.35
239 183 -2.3
140 200 2.91
164 265 -1.4
206 236 -5.81
66 155 5.61
240 188 -3.98
227 108 0.87
58 12 6.02
16 149 -2.12
173 61 -9.6
218 234 -5.48
266 126 -5.48
167 91 2.23
227 174 7.09
50 92 -3.76
141 186 -1.23
169 162 -3.52
181 72 8.58
197 54 9.97
114 242 -2.8
196 39 -4.81
235 26 -4.64
225 192 6.94
114 65 3.44
234 28 4.38
47 55 -8.09
9 112 4.55
69 245 -5.55
25 251 -6.58
59 67 6.33
75 13 4.7
147 97 5.68
97 192 9.66
236 214 3.27
91 233 6.6
179 226 2.32
242 265 -9.32
96 79 -2.45
191 242 3.1
252 243 3.33
46 68 -5.12
257 49 8.39
225 223 8.14
16 188 9.79
210 229 0.24
235 255 -5.24
7 189 -0.27
58 37 -3.79
53 3 0.16
37 196 2.84
183 240 5.59
247 206 0.64
221 239 -7.39
31 214 9.64
240 240 7.72
145 85 -3.22
192 98 8.23
125 74 -7.81
33 212 0.97
60 53 -2.37
229 105 0.06
125 78 -1.7
185 12 3.64
179 163 1.82
110 162 -6.86
171 79 -9.32
115 140 -4.31
73 14 7.49
8 103 9.25
218 210 1.98
202 192 -4.16
179 87 7.46
134 82 -0.8
153 207 5.62
102 165 4.54
71 80 -7.1
89 187 0.53
233 204 3.29
121 5 7.22
172 175 -7.47
263 183 -7.15
74 169 -5.31
40 2 -5.23
55 14 -4.92
124 199 2.69
189 142 -2.41
3 35 -7.1
146 252 8.76
245 44 9.97
192 191 -4.22
210 72 9.28
80 209 1.11
86 208 8.35
174 108 0.32
206 151 -5.47
119 33 -6.95
101 223 -3.5
24 21 9.29
164 178 0.68
162 162 -4.14
4 30 4.84
230 216 5.8
24 19 -0.05
133 59 8.88
214 208 -4.08
126 108 -1.55
260 42 2.94
26 65 1.74
212 54 -8.22
177 65 -5.19
219 7 -8.9
200 104 0.31
20 138 -6.11
205 163 -6.48
137 222 -4.8
61 100 3.76
60 113 9.59
7 64 -8.06
128 49 -9.81
5 51 -9.63
79 119 -6.27
35 236 5.08
41 76 6.61
136 186 9.62
56 233 -9.19
230 94 6.87
225 168 -2.68
111 104 -1.34
120 73 7.34
224 186 -6.59
224 1 -7.22
11 200 2.6
145 156 0.12
25 10 0.1
61 192 6.42
250 93 7.35
261 205 -8.87
88 86 6.43
256 171 -0.32
66 234 5.64
189 187 -2.16
19 176 2.49
57 229 -3.41
115 101 -5.06
218 73 -9.58
106 95 -2.68
153 87 -8.04
87 158 2.44
213 82 9.76
246 212 9.7
269 187 -1.11
133 105 -5.59
48 182 9.23
1 164 7.82
175 130 4.07
167 247 -7.16
140 115 9.91
221 233 -6.46
181 270 -8.03
224 197 4.41
141 82 6.33
204 104 2.17
248 205 -9.07
89 36 -0.67
258 122 -0.98
203 100 8.64
33 252 -2.83
104 241 -9.59
96 122 1.26
88 175 1.95
223 152 2.48
238 17 4.88
22 64 8.31
254 154 -4.72
192 40 -5.43
148 238 -1.25
78 8 -4.03
178 39 -8.74
100 213 1.53
237 260 3.33
17 192 9.27
165 141 -8.35
74 13 3.16
22 234 2.96
216 38 6.55
56 109 3.22
266 83 9.42
186 76 0.51
101 111 -4.09
219 26 7.41
209 110 2.28
13 166 -0.96
205 200 -3.72
170 196 8.82
158 268 9.43
32 151 8.53
42 18 -6.72
233 194 3.76
102 92 0.55
38 196 -4.93
14 181 5.27
56 102 -5.85
257 143 4.01
1 198 7.67
92 105 8.52
115 20 3.31
53 205 -0.92
232 116 -5.38
229 253 1.01
235 18 9.83
46 259 -5.46
41 225 7.38
212 250 9.84
138 14 6.64
10 139 4.16
210 1 -3.43
19 194 -7.9
44 226 -5.15
109 25 -5.6
223 263 8.64
246 94 1.63
95 13 1.8
52 176 2.51
54 178 7.21
245 259 5.1
203 167 4.23
179 4 4.02
80 41 7.43
211 82 2.27
152 178 2.47
136 164 -1.11
76 35 2.79
233 165 3.4
109 63 9.1
199 36 -0.39
122 112 -1.39
27 119 3.44
68 79 7.69
155 62 1.75
0 136 -9.08
20 86 6.81
265 214 0.3
269 91 -3.35
258 158 6.03
35 158 6.33
149 77 5.61
96 167 -1.37
152 102 -6.55
87 188 9.73
39 156 6.25
62 207 -4.55
244 169 -1.27
233 1 -0.67
153 195 -0.12
230 26 -0.2
230 150 8.65
88 46 -6.46
133 164 6.93
36 196 -2.13
202 229 -0.71
14 251 3.6
125 16 1.43
72 103 -0.56
42 25 -1.82
153 226 -6.22
182 86 -5.2
191 61 3.64
67 163 8.51
231 54 -6.38
105 52 8.52
216 234 0.55
141 81 6.54
110 122 2.29
127 175 -1.68
16 15 6.86
21 37 5.71
107 100 7.19
245 98 5.21
244 220 7.52
261 13 -2.33
83 46 -5.02
117 166 5.06
164 5 -9.58
134 201 2.6
206 162 -3.07
144 81 2.08
21 65 1.51
266 45 -4.97
193 46 4.68
153 212 -0.12
201 88 -0.48
263 250 -8.67
109 104 1.57
245 227 9.4
250 223 -3.21
147 15 -5.27
35 191 8.1
80 110 1.02
50 148 4.12
242 18 -8.18
242 86 4.11
236 110 -1.89
239 10 5.14
127 200 1.72
209 104 -1.78
48 96 -0.85
209 107 6.86
214 74 6.67
22 106 0.33
264 177 -2.64
176 75 -8.7
218 172 5.61
226 56 -8.83
82 79 -3.18
89 166 -0.91
67 80 -5.69
30 122 0.06
75 263 4.45
248 63 6.67
71 211 -4.5
258 123 -4.46
130 228 3.24
197 55 9.71
241 194 -3.96
222 157 -2.05
56 51 -5.16
205 205 7.88
117 81 1.9
187 72 8.79
199 69 -3.05
59 155 1.63
270 128 -0.81
55 58 -3.22
5 32 8.74
216 195 -8.62
224 234 -3.01
51 16 5.8
264 183 4.52
192 29 9.06
202 40 8.45
155 87 -5.55
139 46 3.34
152 125 -6.04
35 201 -0.94
14 200 -1.07
138 226 9.3
56 9 7.63
176 182 4.1
199 152 -6.41
105 260 -3.87
97 206 3.4
136 170 9.54
66 156 -9.74
243 19 9.57
239 140 7.6
28 237 -1.55
156 223 3.72
108 41 2.45
234 195 6.57
147 249 7.43
35 20 1.69
219 63 5.52
22 149 9.52
211 119 2.01
116 188 8.27
15 148 -6.33
110 121 -1.11
73 85 -0.15
168 63 -1.73
33 184 7.08
229 90 -7.48
91 83 -4.36
55 41 5.11
214 34 7.42
176 140 5.7
161 134 9.08
248 20 -1.22
198 204 -4.72
199 183 8.46
77 116 4.2
31 55 -4.99
50 31 -2.0
233 171 -6.0
255 213 -7.38
10 11 -1.76
48 118 9.45
138 89 7.34
191 195 8.19
252 233 8.96
177 50 -4.84
56 261 5.07
134 42 6.88
98 125 6.37
255 267 -0.54
137 67 7.85
184 235 -5.14
158 221 2.16
269 67 1.77
69 111 2.49
148 227 -2.16
37 244 1.93
84 262 5.83
34 71 9.35
210 51 -9.74
239 96 4.04
69 55 1.0
60 161 8.72
254 29 7.35
138 81 -8.16
177 189 8.8
125 64 -5.26
173 142 -3.05
140 114 -2.34
63 178 6.16
231 103 4.51
30 160 -2.04
11 254 -8.86
150 3 0.97
37 42 -6.56
193 66 -3.2
96 91 6.3
238 246 8.17
107 187 -4.61
23 125 6.08
220 158 5.33
50 134 8.6
61 197 -3.14
144 188 -2.49
180 10 2.0
249 172 -9.97
144 91 2.0
167 55 -4.2
74 37 -2.92
15 93 -7.66
202 246 3.38
227 74 3.14
21 215 -3.69
49 6 2.53
155 216 -7.77
128 169 0.82
130 184 7.9
243 41 5.98
207 267 -1.92
92 215 3.98
251 86 2.19
40 111 2.54
183 162 -0.44
193 14 -4.42
186 135 3.88
73 177 -3.02
17 0 8.06
112 130 -9.44
162 95 0.1
5 55 7.52
212 192 4.28
56 56 6.81
110 244 4.06
233 208 -9.22
88 249 -2.87
5 21 -3.54
6 250 -2.77
250 100 -3.35
22 36 9.44
174 106 3.52
89 265 -5.97
138 32 8.11
252 108 0.28
53 127 -3.69
140 103 3.2
232 238 -6.2
257 197 3.84
187 87 5.23
204 6 9.6
9 44 2.55
148 254 3.62
84 126 2.13
42 19 -1.69
95 181 1.14
20 216 -8.19
195 169 3.27
122 118 9.57
47 110 -1.22
154 227 -6.19
100 181 8.49
10 178 2.54
185 57 0.77
107 196 6.95
250 203 3.61
241 230 2.25
230 38 6.85
121 200 0.85
87 203 9.91
10 208 8.18
181 121 -3.02
264 115 -8.35
164 184 -7.25
99 209 3.79
75 123 2.3
226 43 -1.14
66 19 -4.61
48 71 -6.89
76 239 9.22
146 8 4.68
158 87 -6.95
78 264 5.31
91 3 -4.96
127 225 -2.93
106 13 -2.72
153 89 6.62
263 107 -1.25
193 42 6.47
188 161 -6.29
146 135 4.71
142 226 0.53
21 28 -0.33
243 77 0.59
255 230 -1.57
111 252 5.38
247 203 7.36
96 26 -6.17
74 9 4.51
67 92 -2.72
7 127 6.4
209 165 -7.09
218 46 -7.8
217 32 -5.37
80 85 3.63
130 100 8.17
55 151 5.14
51 25 7.98
174 241 2.75
160 239 5.8
265 235 -3.72
188 132 -9.37
256 146 0.19
16 158 -5.99
8 14 -8.94
18 116 -6.78
250 198 -4.73
90 168 -0.34
90 172 -4.4
69 254 1.52
257 193 9.17
84 33 -7.11
141 212 0.95
215 76 -1.54
142 242 -6.0
103 254 -4.0
52 208 -5.51
9 220 -2.12
43 35 -5.33
165 88 8.86
149 36 -6.49
259 45 3.81
75 49 -5.1
176 137 -0.48
42 254 -0.4
59 147 -1.91
5 174 -8.37
126 65 3.07
202 266 -8.34
38 28 -0.03
142 205 6.0
204 34 -2.2
115 221 4.7
224 94 2.19
253 28 -0.91
56 111 3.82
151 143 5.31
263 227 2.68
95 200 -4.07
139 138 3.88
172 219 -4.62
61 13 -6.79
68 243 -9.57
11 15 -6.1
98 232 4.19
123 128 8.19
267 47 5.47
190 217 9.87
94 98 6.69
125 265 -6.29
182 60 -8.42
248 251 1.25
65 24 -5.18
187 92 -8.8
54 144 -8.97
190 90 3.42
172 194 -8.79
5 12 9.56
241 115 7.36
171 203 -8.48
218 158 -5.38
211 118 -2.52
164 128 -6.27
71 114 1.24
71 212 -8.63
133 126 -4.69
119 120 2.85
150 63 6.21
72 119 -2.03
80 49 5.24
152 220 -9.85
199 149 -9.92
81 198 -2.86
11 39 3.78
229 168 -0.46
119 154 -7.81
153 129 -7.72
162 163 1.78
103 79 8.06
176 233 7.0
50 1 3.95
69 261 -5.33
236 37 6.86
41 219 5.46
17 156 1.33
73 213 -3.6
244 72 -6.17
49 70 -0.44
214 253 8.44
267 37 -2.49
179 90 -3.52
245 81 -0.28
165 26 1.18
93 92 1.06
52 0 6.6
77 170 -7.51
213 89 -7.27
112 4 3.08
115 210 -8.15
200 269 -2.49
25 105 7.9
143 205 -3.89
208 18 -0.75
200 210 -4.96
186 191 2.85
67 161 5.49
99 8 0.94
116 144 5.63
190 129 -3.83
56 92 -5.87
204 131 -3.71
189 68 -1.46
257 212 -0.44
223 173 -2.31
187 32 1.79
224 153 -9.0
65 215 1.67
99 54 8.35
186 163 3.05
194 203 5.56
173 156 -3.99
28 147 7.38
17 86 5.95
165 68 9.68
212 262 7.75
72 172 2.47
103 170 -4.07
120 32 -4.61
60 176 -2.43
172 243 -6.82
269 47 -0.89
260 48 7.85
242 221 -9.56
225 93 -6.05
79 132 1.36
188 41 -8.53
183 23 -4.44
22 41 6.29
268 69 1.82
3 56 -8.36
245 96 -1.11
31 9 -6.12
102 222 -4.74
225 198 -6.84
235 124 -0.28
80 235 7.71
47 108 -4.96
106 186 3.46
89 88 6.44
262 216 3.4
33 218 -7.39
73 225 -1.06
235 30 0.46
262 97 0.09
28 153 -5.35
1 199 3.99
134 44 -2.58
107 128 1.85
156 224 9.88
227 50 -2.67
78 49 -6.59
117 221 -9.36
24 205 0.15
24 70 9.04
4 239 4.6
14 267 -7.17
230 156 5.52
223 95 -1.72
87 116 -8.22
249 117 5.38
159 22 -6.14
14 146 1.57
115 84 -5.68
161 187 6.32
2 64 0.26
235 231 -4.36
34 237 -8.39
51 240 5.06
169 149 -6.71
61 190 -9.48
189 57 -4.99
78 37 -7.04
196 155 -8.1
124 94 -7.59
63 107 7.84
138 55 4.56
65 267 -2.27
89 67 -4.66
34 191 -2.68
168 210 -3.64
180 209 -6.16
118 168 -6.55
33 81 -0.77
146 13 -0.31
193 177 1.0
103 183 3.46
251 154 -5.04
221 30 -0.56
184 159 -4.23
134 231 4.94
113 193 -4.65
79 189 -2.54
37 77 5.17
84 170 -8.85
263 70 6.82
79 89 8.4
53 37 -8.18
126 129 6.63
173 111 0.38
25 144 2.03
260 225 3.91
116 1 -2.59
64 115 -1.04
99 85 1.2
177 160 4.41
177 21 -3.12
129 34 -6.57
72 37 -5.07
37 154 -8.4
246 166 -2.57
227 6 -0.08
203 128 -5.85
179 80 -7.54
266 173 0.03
187 191 -8.74
133 212 9.9
212 56 0.36
113 50 9.15
142 258 -5.5
123 195 -3.1
35 22 -3.69
178 112 4.95
35 244 -7.68
106 239 -6.41
180 165 -7.22
138 147 -9.96
113 150 -1.81
141 225 3.95
227 243 0.09
253 255 3.79
111 53 -6.97
0 129 -2.08
190 46 2.76
27 74 2.99
63 111 -8.83
190 106 2.94
197 65 -5.85
27 263 0.15
234 46 -3.5
143 66 5.98
214 254 6.32
53 101 8.64
41 221 -3.92
15 186 4.69
210 30 6.98
41 132 7.81
63 39 -5.89
74 164 7.55
57 90 6.0
80 156 -6.83
232 109 -1.95
45 76 9.13
42 128 5.69
30 253 0.52
56 74 -7.48
11 263 -4.21
124 205 -9.14
92 181 0.21
260 180 8.12
217 80 1.91
61 49 1.06
251 62 -3.21
101 248 -9.63
121 46 3.17
252 246 1.48
32 99 -4.46
10 96 0.4
241 259 2.62
174 8 9.12
152 221 -7.45
82 119 9.64
80 163 0.6
0 108 0.52
65 247 -0.95
149 124 9.38
98 121 4.75
206 257 1.7
267 215 1.44
36 138 8.6
191 185 0.41
150 200 8.88
155 107 -6.25
140 66 1.78
81 132 4.24
83 177 -4.07
73 127 7.73
198 224 -3.82
127 7 8.19
244 24 1.33
215 117 4.63
212 150 -5.89
14 80 -1.93
230 10 8.62
229 196 -1.41
189 30 -8.79
5 35 -5.23
237 132 -9.02
84 212 8.69
241 240 4.42
193 234 8.07
23 158 1.02
60 51 7.3
200 195 -2.46
219 131 0.89
123 268 2.46
201 35 3.82
215 168 -4.12
243 15 -4.87
38 66 6.15
97 49 -1.65
193 176 8.58
151 45 -4.45
127 76 -7.67
157 211 -2.93
206 16 9.55
196 133 -6.67
214 94 2.25
89 250 -8.61
204 163 -4.49
204 233 -9.86
151 24 8.77
16 46 4.44
20 209 -1.5
252 64 4.31
258 144 -5.78
240 254 8.15
104 33 -3.89
253 62 -5.71
77 194 0.04
74 121 -6.35
131 30 -1.21
236 82 5.87
114 3 8.71
180 152 9.53
20 62 -4.65
156 189 1.36
156 225 -0.19
89 71 4.07
9 151 -6.96
214 119 -7.44
59 229 0.2
224 176 -6.19
166 233 -2.71
201 177 6.49
270 111 -0.95
28 240 -2.23
63 235 1.76
249 28 7.84
50 230 -7.57
221 155 3.69
49 227 -9.77
8 24 -1.5
127 120 -3.37
265 265 -4.97
104 231 -4.03
240 25 6.65
106 40 -3.12
210 50 7.29
43 153 2.21
7 164 5.66
235 90 -5.66
209 18 5.24
34 80 -5.45
105 92 0.8
180 227 -3.44
183 115 0.32
170 98 -8.76
185 102 0.91
147 150 -5.36
187 10 1.9
68 133 -4.14
178 99 -2.73
136 239 -9.2
167 61 -2.21
38 4 8.09
195 44 -5.54
98 103 -3.35
72 209 0.73
228 27 4.61
20 182 -0.51
127 220 -1.05
137 191 1.31
123 98 0.37
6 75 6.85
168 96 -7.86
232 266 -7.88
228 171 1.29
238 89 0.94
247 209 2.04
185 163 -5.2
92 16 -6.8
137 144 9.33
15 64 -6.8
248 125 -9.4
167 126 -6.31
51 237 7.56
88 164 -5.77
242 184 6.84
62 238 5.08
39 142 -3.33
165 201 0.05
58 62 -1.92
47 43 -9.14
234 237 -9.25
94 54 -6.59
61 89 -2.23
155 151 6.18
129 130 -2.65
65 224 6.43
59 175 4.67
184 91 4.8
179 196 -3.72
21 119 -8.36
130 258 -2.43
13 173 1.22
164 249 -9.66
200 69 -4.35
77 181 -2.55
30 207 7.13
95 56 -1.36
199 203 0.77
18 24 3.06
89 136 -0.04
191 257 -4.99
243 198 -1.16
149 133 -1.31
41 61 2.42
3 194 -0.52
61 61 2.51
26 177 3.04
185 194 4.97
223 270 -4.09
51 89 -7.73
129 24 1.98
175 268 -3.35
17 236 0.49
216 2 -6.2
205 8 -4.5
137 211 1.19
58 161 0.67
80 58 8.0
83 220 6.48
261 241 -3.17
244 130 -5.07
171 213 0.04
33 15 -6.06
48 89 -4.86
137 212 8.85
29 143 -7.28
230 261 3.98
143 33 -8.54
224 30 7.56
191 37 0.09
96 55 -7.07
195 195 -0.77
130 88 -1.41
8 3 8.11
20 26 -7.87
248 154 7.29
184 135 -4.38
242 207 -9.38
162 225 0.18
54 12 -9.45
226 90 7.83
72 51 -6.16
172 142 -6.0
198 180 1.92
231 138 -7.55
268 131 -0.25
249 114 9.21
244 193 9.16
59 28 -5.21
209 102 -5.78
21 269 -9.53
25 261 3.06
138 252 -6.22
191 243 -5.62
207 175 9.19
82 37 -3.95
269 26 -5.87
124 207 5.82
89 157 -5.34
71 242 9.49
116 53 -0.58
206 161 3.34
54 135 0.68
159 10 -7.1
267 194 5.35
121 9 7.07
16 7 0.9
248 94 -9.73
159 263 6.15
29 157 -8.97
133 185 -3.27
131 189 -8.36
233 240 0.46
52 268 8.36
35 172 -3.02
241 251 7.75
238 18 9.94
80 175 -2.35
252 92 0.12
38 8 4.16
5 160 -2.0
30 91 -6.49
99 21 7.74
107 219 3.35
56 23 -7.9
161 123 -5.27
196 131 -2.32
142 17 5.34
78 45 -6.44
88 47 1.98
97 229 -2.04
144 217 9.28
116 114 -8.45
47 129 6.35
222 249 -5.41
213 164 -1.33
4 20 4.89
149 177 -5.86
245 263 -7.24
47 70 -7.99
92 160 -8.28
119 6 7.64
142 83 -0.11
178 198 1.46
151 86 4.52
132 232 -4.09
144 138 5.3
144 70 5.57
144 105 3.11
204 183 -1.93
206 252 -5.69
22 133 -4.78
86 84 -9.91
206 135 0.51
39 69 -0.84
9 26 -2.32
149 59 5.98
246 65 5.18
267 104 0.46
28 267 -1.57
231 195 2.02
107 247 5.07
133 236 5.29
248 104 -4.01
173 49 6.24
154 224 -1.0
230 195 4.89
41 25 3.77
11 152 -2.69
257 266 -2.05
187 254 -2.76
231 188 -5.32
142 155 -2.38
132 217 6.74
15 24 -2.6
80 153 2.93
14 163 -8.72
176 114 -8.06
193 205 -7.61
86 42 -4.92
214 5 4.23
203 173 4.19
104 80 3.71
192 107 -9.54
125 91 -8.1
66 44 5.1
167 187 -8.93
37 142 0.44
101 193 -3.38
9 141 1.66
205 263 1.33
61 266 -7.69
46 262 8.93
74 216 3.5
187 105 -6.23
26 184 4.77
61 137 2.53
201 250 -0.79
145 160 -7.51
198 18 3.1
141 230 -2.8
108 78 -8.95
252 38 1.89
123 115 8.87
181 235 8.55
105 254 -0.86
6 33 -2.17
91 31 5.55
50 173 7.67
171 202 6.55
171 111 0.1
36 10 -2.19
25 5 -4.02
156 176 8.2
146 246 -9.56
167 99 3.29
98 153 -0.47
238 123 4.64
216 58 -4.4
40 37 -8.05
214 190 -5.51
189 20 -7.88
213 96 -6.69
187 134 -2.05
265 17 -8.96
61 210 -8.71
197 53 8.62
29 225 6.27
2 258 7.68
128 143 3.93
147 73 -2.12
66 9 -0.89
199 218 9.56
207 105 5.83
1 189 -5.14
177 220 -4.14
16 224 5.48
13 135 -3.92
10 242 -8.14
128 265 4.79
175 190 -8.02
151 10 -5.38
82 185 -1.79
192 72 -3.16
268 2 5.8
245 270 -0.45
199 78 -9.31
176 76 -7.25
154 32 2.13
200 49 1.42
202 162 8.47
131 249 2.97
71 20 -7.1
198 2 7.89
163 220 -4.58
240 61 1.31
63 189 6.45
134 87 5.18
43 57 -8.49
40 242 6.42
101 254 -4.97
103 149 -3.61
73 97 -4.74
234 221 6.73
169 117 -9.37
174 109 6.63
136 189 -2.27
158 235 -3.07
7 222 -2.26
60 266 1.05
104 269 -3.5
69 237 6.97
110 102 -3.6
58 137 -7.35
255 198 0.77
253 145 -7.96
199 240 -6.49
12 48 -5.52
247 236 4.07
38 266 -0.67
206 46 -4.91
215 207 -5.24
44 166 9.0
3 117 -8.08
212 141 4.84
260 89 -0.26
154 103 5.17
11 182 0.76
90 194 4.71
216 249 6.58
78 224 7.48
82 208 -6.69
183 257 -8.74
214 251 5.54
62 26 0.62
202 196 -2.39
111 88 -1.73
56 192 0.46
236 218 4.86
46 250 3.55
2 146 -0.98
203 177 -9.55
204 230 3.73
156 54 8.51
259 158 -3.45
228 45 -3.26
123 194 -6.6
102 195 0.18
112 249 -8.86
148 181 -9.33
108 38 4.8
244 87 -3.16
30 30 6.69
139 154 9.6
90 167 -5.9
19 152 -7.68
13 66 1.43
142 96 -9.69
101 109 -5.42
28 103 -3.35
105 76 4.31
136 150 1.85
270 110 -5.91
20 60 -2.64
7 172 -6.81
85 34 -3.7
268 232 -2.78
2 206 5.03
10 61 3.41
169 54 -7.33
204 160 5.87
228 174 -3.72
171 47 6.58
133 210 -3.74
151 80 -6.38
126 119 1.12
211 141 -6.99
135 58 3.04
128 142 -0.95
50 250 -0.68
54 195 -9.49
0 64 -3.04
255 238 -3.75
212 269 -5.3
14 39 2.18
230 208 1.22
256 269 -4.36
188 179 -6.31
188 25 -6.27
229 223 8.16
76 101 6.2
191 184 -2.27
159 97 -0.24
18 59 -2.03
262 249 0.83
223 7 -9.1
124 76 1.08
123 33 8.96
216 146 3.2
107 87 0.41
79 216 8.56
41 141 1.25
154 20 4.35
75 262 -0.25
210 69 9.93
83 49 -9.55
113 248 -6.2
1 221 -6.87
153 91 -3.04
188 17 7.01
97 67 -6.84
154 18 1.19
24 199 1.7
244 33 8.95
267 155 -4.34
106 121 9.53
70 161 7.76
9 91 7.94
125 187 3.4
270 81 -5.84
179 70 -7.36
170 246 -6.52
61 17 -9.4
263 256 4.71
27 88 8.44
99 97 8.26
70 131 2.71
39 175 -8.79
49 11 -4.87
64 262 8.63
78 255 -7.63
47 81 -5.59
175 59 3.52
10 256 8.26
152 5 -3.7
89 3 -5.6
90 50 -4.31
196 270 -3.57
2 262 -2.23
264 232 -9.57
100 247 9.39
87 53 9.62
206 47 -2.64
78 107 -4.39
42 28 2.41
176 231 -2.49
58 100 -8.21
198 126 -2.45
215 225 9.84
100 49 -8.3
34 91 -6.17
213 31 -6.6
176 45 1.71
241 171 -5.0
189 55 -3.16
187 158 -7.57
94 176 -9.94
113 76 5.06
127 242 -3.33
113 77 4.33
243 232 4.43
77 59 -2.38
250 134 8.9
153 251 1.96
238 67 -1.54
110 266 -8.01
86 259 -7.77
79 157 -6.37
109 99 6.12
145 92 -3.66
228 168 -2.6
265 157 4.39
18 159 -5.49
97 225 -7.08
225 53 0.13
36 235 -8.02
12 86 -3.88
256 151 -1.69
86 222 -2.21
206 177 5.52
56 14 1.45
14 169 -3.33
198 13 -5.86
251 255 8.42
124 238 1.55
115 93 8.69
101 157 7.69
123 145 4.14
147 264 0.92
76 145 6.98
7 17 4.78
60 133 1.16
105 140 9.3
99 151 -4.53
204 119 -9.03
38 54 8.29
12 9 -1.1
152 263 -9.6
260 61 -7.55
123 152 -5.3
117 197 4.74
119 99 -4.05
60 151 -8.57
151 122 9.98
132 137 4.38
251 137 -6.49
126 162 -2.02
199 135 -8.81
149 58 2.4
248 240 -2.29
131 215 0.87
160 139 0.28
170 109 5.88
202 33 -5.82
184 201 4.0
129 255 -0.23
142 72 -4.62
183 84 1.85
17 28 -3.54
208 176 0.79
118 134 -7.0
17 132 -3.74
131 148 -4.51
225 113 -3.0
129 251 -6.96
55 231 6.08
85 14 3.83
15 216 9.96
213 66 5.96
41 170 -5.29
144 220 7.6
242 142 6.19
251 192 8.29
195 38 0.29
112 226 -3.68
255 59 -0.44
100 140 -0.75
23 48 -0.75
119 239 1.74
146 61 -0.17
177 244 5.97
5 24 -1.32
210 187 0.19
144 239 -6.05
229 138 -7.61
159 92 0.44
181 129 2.44
43 211 -7.18
197 38 7.31
230 212 4.93
56 91 0.16
51 232 3.12
169 245 -4.11
108 198 -9.82
146 67 -6.05
210 47 8.46
82 140 1.41
188 22 0.35
68 238 2.76
177 226 1.5
53 137 1.89
250 64 4.3
3 200 -0.59
145 237 7.44
107 111 -7.08
36 64 9.1
265 110 -2.36
30 115 -1.69
193 226 9.8
142 64 4.09
189 81 7.96
42 129 8.53
257 100 -7.38
128 137 -8.34
65 39 -1.42
208 255 -7.33
135 129 2.95
223 154 -5.38
122 197 -5.98
257 137 -9.48
211 31 -7.01
184 154 8.01
107 199 -6.02
148 146 -1.8
50 151 -0.69
180 7 9.98
230 169 -8.06
101 258 2.42
97 155 4.71
200 225 -7.34
60 160 -5.95
167 125 7.54
1 186 2.61
105 210 -4.59
267 39 3.3
267 240 -5.35
251 209 7.01
58 112 -6.41
179 91 9.8
183 57 -3.76
176 71 3.69
151 221 -1.1
244 10 -6.23
41 118 5.82
45 217 -3.79
114 54 2.49
13 133 -4.79
26 126 8.39
180 174 2.59
25 254 -7.13
172 100 -9.97
122 72 4.85
263 266 -1.96
192 89 3.84
135 166 -9.81
150 100 4.45
35 143 -3.25
129 158 8.23
75 21 -5.17
145 224 -2.38
138 128 -3.84
146 237 1.58
58 246 -2.65
6 231 9.51
34 201 -3.97
93 99 -3.76
156 262 -0.71
135 147 -8.7
239 102 -4.81
264 175 8.88
4 174 9.06
85 58 1.08
173 195 -2.06
173 91 -6.0
162 118 -9.05
65 20 1.3
106 6 4.85
174 15 -9.38
30 124 -6.37
122 199 -0.36
53 6 -6.9
99 148 -1.01
60 222 6.67
225 252 4.5
30 125 1.8
135 2 -1.6
220 70 0.41
86 130 2.78
84 238 -7.39
105 46 9.51
66 191 -5.93
178 66 -4.61
72 149 -6.14
0 93 -0.84
48 126 7.76
0 128 -4.98
175 169 -9.4
8 222 4.82
183 46 2.36
206 185 -2.8
160 4 -5.7
240 189 0.36
47 86 -6.31
195 256 2.08
260 207 -6.28
59 228 4.76
28 66 -7.59
87 75 3.78
230 223 8.4
159 69 4.17
27 22 -0.74
58 174 -6.37
40 70 6.59
24 168 6.44
1 203 1.14
78 213 1.04
221 2 -2.65
206 237 -6.23
131 170 -5.75
78 158 -5.71
73 94 -5.46
58 268 -8.49
224 150 5.28
33 17 1.24
150 142 9.81
67 151 3.67
2 189 -5.56
197 64 7.54
163 168 -7.17
138 131 0.63
71 38 -2.01
137 25 2.48
31 200 -2.74
163 234 -7.02
182 250 -2.57
46 206 -4.82
79 56 3.15
11 86 -4.96
254 164 -5.26
252 139 -8.1
256 74 -4.22
185 69 -0.04
145 66 -6.45
102 160 -2.27
202 251 -6.62
269 48 -8.18
231 213 -5.8
248 61 3.71
46 15 -4.52
117 84 0.58
6 227 -7.65
148 219 -8.67
239 147 5.96
176 195 2.78
154 165 0.38
187 260 -2.53
207 42 -6.54
109 88 9.33
90 241 7.52
13 18 6.91
199 61 4.17
77 196 -8.75
63 116 -7.19
63 196 -1.66
58 6 -1.18
102 269 -8.67
187 113 4.16
238 178 2.29
186 239 -1.65
162 210 -3.69
148 241 -1.48
206 246 -6.92
37 22 -8.47
151 11 3.63
45 30 -3.92
191 48 -8.25
88 152 -7.02
187 140 -0.51
52 87 3.67
193 178 -2.29
27 202 1.75
98 111 2.67
251 225 -7.13
115 52 -6.24
116 68 -0.78
126 234 -0.78
121 219 0.67
234 188 -7.32
258 22 -3.22
86 10 9.34
96 158 -9.47
183 128 -1.93
270 129 0.33
42 191 3.9
213 217 5.65
81 39 -8.04
156 61 8.22
61 0 -0.02
236 54 -3.4
113 12 3.23
48 219 -7.28
21 252 5.25
102 131 6.84
14 66 2.29
153 88 9.73
46 268 -0.73
269 35 3.84
169 127 8.47
149 94 -3.41
93 59 0.3
182 40 4.86
215 130 5.05
232 17 -5.94
35 246 -5.28
189 108 -4.98
216 193 -0.72
102 93 9.31
217 223 6.76
16 36 -3.51
246 253 -7.03
58 212 4.47
170 122 -6.86
131 43 -1.29
9 268 0.71
164 180 3.65
111 159 1.2
42 88 -2.82
140 99 -0.75
146 203 5.66
113 162 1.69
114 76 7.15
181 21 -2.75
57 32 -8.83
222 51 9.53
221 143 -8.8
2 24 2.6
228 208 -7.68
33 96 1.31
144 235 9.29
174 184 -1.71
174 265 1.3
181 69 1.64
38 22 1.41
205 208 1.75
84 154 -8.56
160 13 4.39
17 239 5.2
137 181 5.28
159 108 -3.51
18 57 5.07
49 185 -2.34
110 248 0.45
234 189 6.74
57 51 9.14
124 145 3.17
179 64 7.59
180 90 -7.5
256 166 7.79
16 51 1.37
223 169 -2.81
237 269 -1.51
52 238 -8.22
141 15 1.37
17 165 4.57
92 164 -0.51
154 164 -9.07
31 258 2.74
208 60 3.29
36 35 2.94
113 65 -8.12
12 142 -7.43
104 245 6.85
217 171 -0.6
149 253 -4.84
113 245 7.76
261 114 -0.3
147 19 -0.73
170 182 -0.73
65 187 -0.53
220 15 4.91
256 229 -2.31
3 121 2.96
174 129 -8.18
182 236 -0.91
249 102 3.36
240 167 6.11
245 206 4.63
206 69 -0.27
195 103 7.19
116 86 5.35
4 187 0.7
59 108 -1.87
170 140 1.54
244 177 5.97
243 45 -8.85
207 125 3.47
115 111 2.12
240 206 -5.21
212 145 -3.86
184 245 8.21
63 138 -8.98
103 205 -1.99
47 220 -1.91
148 228 -1.42
129 211 3.99
148 140 -1.18
145 90 1.7
78 118 3.67
26 81 -9.98
5 36 8.35
197 119 8.38
238 239 6.29
91 267 7.65
254 58 3.31
234 57 -4.71
234 212 6.67
5 64 0.72
98 234 9.15
75 200 9.38
10 184 -2.18
68 32 -8.06
270 46 -9.06
54 192 -5.88
134 220 -2.18
60 92 -5.78
236 42 6.15
165 205 1.68
75 2 -5.86
189 11 7.87
212 15 -2.87
184 48 8.12
194 80 2.29
63 33 8.02
267 78 9.9
127 192 -9.91
9 174 -6.73
136 100 -9.32
203 200 -9.12
181 262 9.82
264 73 -1.01
90 217 5.88
208 22 4.75
168 8 -9.26
18 177 7.85
203 23 -9.69
56 168 7.49
185 6 -3.85
48 129 -1.85
147 28 -1.31
25 120 3.49
62 80 -1.15
83 256 9.16
86 181 4.9
192 241 -9.09
223 132 -9.77
252 182 5.18
48 163 -8.64
265 194 2.51
157 68 -3.48
237 117 -8.08
209 137 1.21
178 29 9.35
96 83 2.35
227 73 6.05
42 132 -3.63
95 238 7.15
82 5 -0.44
266 41 -1.54
112 223 -6.43
268 227 4.92
91 144 3.85
129 62 2.73
209 79 -7.65
107 85 7.76
267 32 1.92
182 216 -0.5
204 60 3.28
246 101 -9.91
65 33 -9.1
3 165 -0.55
190 199 2.84
169 55 -8.75
187 14 5.26
54 238 1.34
76 97 -5.45
125 72 1.85
141 206 -1.36
33 92 8.08
112 73 -6.74
32 229 -2.99
151 228 -5.77
247 132 5.39
41 211 -1.26
42 110 3.29
66 77 -0.29
177 134 6.7
256 160 -0.58
237 214 -7.07
70 250 4.88
54 229 -4.95
136 182 -6.33
191 255 9.54
9 138 9.99
138 47 -9.44
204 106 -7.7
122 22 9.07
236 153 6.65
243 205 0.87
242 144 -1.57
113 90 3.25
212 45 7.82
90 173 -7.36
82 214 -2.83
159 184 -7.1
124 263 -8.7
117 74 -7.91
129 25 9.63
160 258 6.55
86 47 -7.73
14 131 7.36
117 22 -1.75
100 97 3.47
114 44 -7.75
162 198 8.31
53 206 -1.29
181 65 -8.88
28 204 7.76
15 166 -8.13
57 165 -7.89
226 124 1.4
121 64 -0.47
135 77 -9.86
147 224 -2.87
67 62 -3.76
143 75 6.51
145 25 9.67
32 177 -7.47
206 181 -5.09
249 55 -4.42
27 42 7.44
146 167 -4.94
133 0 -4.7
117 222 0.43
163 192 -3.81
109 33 5.73
87 253 -4.24
21 1 7.29
137 182 5.29
41 98 9.25
29 191 -4.72
110 11 -3.19
59 120 -4.51
173 50 4.32
210 150 8.41
233 186 5.53
78 145 -3.54
243 44 -7.15
44 144 -6.65
219 227 3.63
201 131 0.29
177 267 5.58
83 51 -5.35
264 213 -4.79
112 190 2.5
50 85 5.08
189 197 -8.89
115 34 -8.26
174 67 3.53
197 40 -7.58
90 108 -3.86
168 195 -9.34
237 59 -9.04
238 109 5.65
197 60 -6.19
139 44 -5.4
56 256 9.81
138 259 3.52
222 17 -6.72
263 264 5.48
27 14 0.43
223 235 -0.24
91 137 -8.82
195 207 6.79
250 13 7.3
27 115 1.71
183 152 0.08
138 88 0.05
124 34 -6.32
257 115 -1.96
256 257 2.29
145 54 3.73
82 248 2.97
193 49 -9.68
217 28 -3.92
263 164 -2.79
39 231 1.99
34 110 -4.38
128 35 -3.3
257 196 -0.83
96 95 2.26
230 59 -8.01
94 6 6.14
13 199 8.65
111 174 3.22
19 126 -0.76
8 35 -8.05
158 43 -5.02
246 116 -4.67
217 160 -6.13
191 215 -6.47
229 75 -6.57
95 209 0.64
36 39 4.04
64 148 -6.14
89 199 2.75
92 250 -2.74
11 20 8.53
41 220 -8.89
124 4 -7.39
86 76 4.63
259 152 -0.82
24 193 -6.32
103 75 7.42
210 194 -0.8
182 243 -9.23
241 30 2.15
176 131 -0.79
215 219 -2.45
84 207 8.84
32 45 6.26
191 142 -7.49
186 114 -5.54
263 104 7.93
249 226 -0.79
83 242 2.32
167 233 -3.81
105 253 -6.29
144 259 7.18
176 207 6.2
91 226 -8.16
145 44 8.42
75 112 -6.6
125 119 -6.48
49 57 2.1
258 259 9.39
267 87 8.57
182 9 -8.84
184 57 -9.14
58 102 0.65
160 39 -6.6
51 72 -3.01
14 108 -7.09
255 51 -3.41
249 38 -3.54
218 242 4.04
231 46 -5.49
147 17 -7.7
269 41 -0.3
25 214 -4.83
261 256 -5.7
36 129 -9.27
231 227 -8.91
43 11 6.24
245 248 -0.82
242 192 -7.53
158 203 -0.08
100 242 -6.83
130 186 -1.14
119 226 -2.48
257 70 6.33
52 36 8.86
113 52 8.38
6 61 -9.71
149 85 2.44
54 164 -0.55
187 109 1.15
14 91 -3.61
205 70 -3.98
94 250 2.15
54 21 -7.91
123 122 -7.81
225 17 -1.74
171 259 -3.1
71 72 4.85
9 24 5.34
185 191 8.31
15 49 9.33
176 246 2.28
20 196 -2.61
243 5 -2.93
209 231 4.21
234 251 -4.93
124 155 9.89
57 252 -3.26
248 171 9.53
43 167 -8.24
56 238 -7.11
242 161 -5.52
98 124 -2.35
172 17 0.17
5 42 4.42
55 101 8.56
86 179 -6.86
41 32 -4.32
170 79 -4.14
187 89 3.54
68 143 -3.02
16 152 -7.45
42 101 -1.1
26 256 5.7
249 59 4.59
211 243 7.5
156 72 3.99
269 157 2.86
102 242 -1.78
250 146 -9.89
83 120 1.67
93 179 -1.05
11 81 2.19
102 50 -3.92
58 264 -2.67
57 111 1.91
66 204 -2.31
172 9 4.4
135 39 2.1
194 51 -1.69
176 257 -0.3
241 38 -7.26
128 108 7.4
35 183 -7.32
265 203 9.97
185 2 1.1
72 143 5.32
214 257 -7.52
263 62 9.1
108 205 -4.69
137 89 -6.42
257 131 3.36
42 180 1.6
161 13 -0.96
12 256 1.46
259 165 -6.66
124 176 -4.54
17 159 7.62
148 257 1.32
26 201 -7.82
87 189 0.84
254 38 4.16
171 87 0.26
242 64 -9.5
75 16 -6.51
238 199 -5.29
238 13 6.92
147 165 -2.54
52 53 0.91
94 82 -0.32
121 220 -1.66
243 118 -8.37
61 6 4.43
63 264 -6.45
103 126 -2.92
73 99 7.47
174 202 -7.8
109 95 6.96
106 231 3.2
2 104 -7.96
79 238 1.51
41 237 -4.03
264 130 1.98
20 76 -9.95
173 216 8.89
65 112 1.78
107 204 -5.81
125 221 -9.43
222 46 8.58
241 145 1.56
259 167 -7.0
268 179 -9.46
123 196 -9.69
269 7 6.13
248 134 -5.1
142 52 8.3
226 174 -6.85
222 250 1.3
102 103 -1.16
21 136 8.61
211 72 9.53
256 148 8.4
206 19 -9.89
83 74 -6.74
157 36 -4.1
108 112 5.76
226 183 7.29
215 32 -8.9
237 6 4.31
202 79 8.39
93 223 3.48
180 199 5.71
188 223 7.86
190 42 4.82
48 3 7.33
114 41 -2.1
193 50 1.62
240 257 -2.07
105 50 6.95
5 251 7.94
181 7 1.84
152 170 -8.62
25 134 -5.33
6 51 -9.84
132 113 -0.15
36 261 -7.17
193 60 -1.52
51 84 4.66
172 226 7.11
265 78 8.76
211 267 -4.6
135 55 -6.2
100 185 5.61
101 227 -5.02
55 13 -1.74
48 221 2.93
181 57 -3.28
181 158 -7.61
80 148 1.65
258 228 -0.24
231 97 6.11
171 132 -3.0
231 78 -5.71
6 69 -5.93
255 89 7.88
249 216 5.06
253 75 -7.11
121 145 -4.03
91 9 6.74
52 62 7.06
210 40 1.45
234 100 5.02
62 181 -0.85
81 228 5.97
78 199 2.23
18 117 -4.63
268 149 6.51
62 220 9.8
50 166 0.73
97 47 7.68
111 116 1.0
85 249 8.17
118 30 -9.29
242 188 6.47
11 123 -3.47
87 213 -7.16
200 22 -1.14
87 157 1.24
110 36 -4.81
148 74 -3.46
6 23 -2.26
138 176 4.24
19 13 -4.46
253 231 -2.0
186 58 7.72
258 0 -8.1
2 217 -3.53
190 263 0.67
179 46 9.47
212 64 5.15
170 131 -2.89
116 179 -5.14
32 169 6.48
44 235 1.0
51 8 -8.64
222 115 -8.92
169 258 -3.85
201 68 -0.73
172 94 1.16
7 26 2.14
136 9 -4.59
15 107 8.5
158 31 5.88
196 250 3.99
27 38 -5.31
84 25 -7.65
9 65 0.98
155 149 8.11
148 187 -6.75
142 151 8.79
54 78 -3.8
102 179 1.82
225 152 -2.78
80 75 -3.3
154 140 -4.05
130 213 -8.77
2 73 1.11
56 4 0.75
86 263 5.64
222 116 -5.08
248 47 5.43
33 247 8.32
222 135 9.08
259 154 -1.18
58 233 8.93
213 115 3.91
262 60 -4.92
258 128 0.56
17 39 3.64
183 45 5.55
43 107 7.46
10 35 -9.04
91 185 9.06
19 97 -2.8
202 98 -5.31
98 222 -4.98
145 164 -9.67
2 215 -9.99
33 234 -3.21
247 237 9.35
5 107 8.51
24 194 -3.85
93 57 -3.71
235 224 -9.7
226 12 1.67
183 245 -9.15
104 183 -3.3
5 145 0.01
175 263 -7.69
14 101 -7.5
49 180 -9.17
72 136 5.4
96 202 1.36
75 209 -4.1
206 21 -2.73
237 230 -0.72
72 60 -5.45
10 237 -5.8
99 107 -5.49
128 111 6.49
35 229 -4.6
182 210 -4.53
148 136 4.87
23 15 1.93
57 256 6.25
61 219 -5.91
183 41 2.67
92 231 0.62
99 93 -2.05
193 35 -9.74
2 128 0.68
101 182 8.3
10 126 -9.87
175 170 -9.6
3 238 -8.18
146 143 5.2
91 112 6.11
217 64 -0.4
151 190 4.39
241 235 -2.61
158 28 -7.43
213 162 0.69
261 40 7.79
128 256 -2.79
227 51 2.7
26 168 5.9
202 78 1.72
229 109 -2.35
164 139 7.81
18 265 1.67
162 78 8.83
12 200 8.79
208 215 1.04
105 90 -3.16
214 89 1.04
49 0 -0.42
248 52 -8.46
137 95 4.57
99 242 8.94
179 133 9.09
60 255 4.43
171 176 6.05
64 93 3.06
232 49 -5.56
181 61 -6.0
168 97 -3.75
214 13 -1.24
94 105 -2.79
123 99 3.96
256 189 9.04
48 197 -6.98
61 36 5.38
256 266 9.13
186 119 6.63
145 206 -6.43
148 73 9.75
37 4 4.7
101 53 -3.56
25 61 -7.14
178 241 -4.19
4 216 -6.83
33 83 9.56
198 17 -5.7
221 80 -0.19
241 149 0.01
120 211 -7.24
183 98 2.35
204 205 -1.81
170 8 -8.47
183 118 2.1
120 82 -4.32
68 22 -1.32
179 244 6.07
228 104 -8.41
232 33 -5.55
7 25 -2.65
182 254 3.92
265 91 -7.31
230 245 9.88
220 148 -6.91
224 18 7.38
15 42 -3.03
153 136 5.66
196 217 4.67
150 90 -3.63
260 268 -3.51
267 204 4.28
42 173 -5.74
222 112 -0.99
222 207 -8.15
193 69 -2.58
261 209 6.01
198 130 -3.91
203 70 5.81
195 201 4.61
96 2 7.52
161 235 -0.75
9 8 5.67
189 27 0.44
58 228 -1.13
113 229 -4.38
270 208 7.21
176 154 0.96
239 149 -7.03
215 149 -6.35
55 242 -1.59
214 200 -1.14
221 102 9.4
99 50 0.88
125 44 -0.26
167 224 7.09
22 114 -3.27
246 238 -9.01
140 50 6.85
185 213 -1.91
5 177 -0.41
259 163 -2.84
169 158 1.82
68 51 0.3
83 228 8.49
119 3 -9.53
33 5 0.68
266 270 -5.34
71 1 3.53
264 124 2.18
89 38 -1.71
12 34 5.08
228 46 -3.14
219 45 -1.92
128 89 0.41
123 141 3.59
123 197 2.58
210 120 -5.92
122 228 -2.08
148 224 1.48
213 24 7.21
199 84 8.44
12 237 6.52
135 200 -1.45
52 110 5.79
62 160 -3.14
261 32 1.05
242 85 7.17
17 59 7.61
246 161 -8.99
153 102 -8.02
269 249 5.1
18 21 -6.53
166 26 -8.44
215 137 3.52
243 28 8.23
47 209 -0.76
50 45 -7.67
158 14 6.56
0 81 1.11
2 15 -5.7
59 158 -6.35
4 101 -6.28
38 24 -2.63
56 181 0.63
84 268 2.2
266 59 0.11
45 244 -4.02
126 56 -6.74
84 195 -7.51
195 50 -9.9
27 183 7.15
34 19 8.31
238 144 -7.73
213 51 8.11
228 48 8.19
148 246 2.82
91 266 6.79
174 169 4.61
80 52 -2.04
71 231 -9.75
46 77 -9.63
149 162 1.67
56 205 7.68
236 140 -7.5
87 209 4.29
103 3 -1.1
105 82 -9.16
36 27 -1.15
182 147 -2.68
254 165 -7.28
123 149 -6.1
218 184 -2.1
263 100 1.12
17 152 -2.73
6 32 -2.87
82 26 -7.14
257 192 -8.28
233 261 -8.6
122 55 -2.94
124 38 0.97
28 90 8.92
204 186 7.22
141 71 -9.25
264 53 -8.66
192 204 6.36
270 127 -1.35
122 27 -9.01
180 75 3.95
226 28 -6.42
150 169 7.61
101 67 9.74
121 214 0.56
118 243 -9.29
175 131 8.91
182 47 4.19
38 173 -7.77
199 179 9.43
231 210 -4.11
8 1 6.76
217 20 1.73
265 111 -5.32
209 253 -2.46
196 15 2.25
185 161 7.25
270 61 9.75
70 190 -5.56
124 80 7.27
216 114 -7.04
73 217 -8.8
164 142 8.18
32 77 -2.11
270 189 7.13
38 10 3.96
88 233 6.54
90 155 6.74
81 139 2.81
83 44 -0.2
264 51 -5.19
130 233 -0.11
118 219 7.67
34 243 -1.72
231 71 -9.3
110 53 5.96
39 144 -4.41
0 19 -5.71
220 14 -2.45
208 129 -9.83
153 189 5.93
51 36 9.14
14 83 5.46
204 87 6.41
228 123 0.64
84 121 -7.26
63 96 6.4
124 248 -2.6
201 85 2.78
20 106 -1.57
156 82 -3.1
57 122 0.4
117 85 -8.21
202 208 -0.5
133 259 -3.85
190 126 6.58
67 229 -2.2
263 190 5.4
36 50 9.02
148 115 -0.2
80 82 1.92
14 264 6.17
208 47 -7.21
112 236 -3.87
67 211 -8.74
59 235 -2.58
7 148 0.46
123 185 6.73
247 174 -5.71
189 179 -0.18
231 60 1.3
88 22 8.64
75 48 0.36
179 270 5.53
187 60 -8.92
156 137 -8.6
220 157 -8.32
13 43 -6.31
240 47 2.09
127 12 -5.21
241 224 3.41
71 215 -4.32
209 73 2.9
166 121 -1.69
139 208 3.56
197 239 -9.74
91 71 -4.26
86 55 7.56
13 264 5.31
91 139 -5.87
249 223 2.61
174 114 -4.31
180 41 -7.8
77 13 -0.33
4 28 -3.81
38 42 7.41
212 136 -6.27
241 90 -9.5
266 159 1.37
192 263 -3.05
161 96 4.12
54 190 0.5
225 27 -3.41
62 42 -2.59
81 247 -7.83
38 98 3.76
83 1 1.05
262 138 0.94
40 227 7.76
180 0 -6.31
126 253 -0.22
28 161 7.66
56 80 5.01
205 86 0.12
176 196 9.84
266 177 -3.08
229 160 9.95
22 142 0.49
43 81 -2.06
158 54 -6.94
269 17 6.87
36 107 4.34
175 181 -2.41
209 70 -0.53
60 89 3.24
124 49 -0.69
19 39 -8.86
195 133 5.47
67 147 3.55
37 62 -3.18
169 191 0.81
139 188 -0.17
91 120 -2.4
70 121 7.35
75 63 1.55
130 232 0.11
61 59 4.46
108 184 -6.61
215 230 9.1
109 258 6.78
126 91 6.35
170 262 6.49
8 241 8.97
234 171 8.96
57 46 -9.89
54 63 1.07
49 260 7.94
42 93 -1.27
122 219 -2.56
136 62 5.0
147 154 2.17
111 151 -4.34
108 265 1.71
221 153 -1.61
207 3 8.97
94 209 0.11
47 21 -2.47
256 13 5.26
21 33 6.62
63 32 -5.3
166 244 -2.88
117 100 3.08
125 28 0.02
150 161 -4.47
39 94 -6.75
82 259 -4.64
216 95 -2.95
3 103 9.86
175 144 9.55
255 12 8.33
160 264 -0.22
145 87 -7.2
105 239 2.08
259 54 5.08
201 58 3.88
244 124 2.26
226 14 -4.16
209 195 2.77
232 103 -0.81
253 225 2.61
73 75 6.41
177 67 -1.72
91 90 8.78
18 53 -5.22
109 250 6.65
171 230 5.14
216 39 9.1
231 268 -7.29
248 136 -1.02
144 24 -0.79
67 243 -9.57
34 218 9.25
147 149 -0.49
50 75 9.17
228 220 1.19
230 148 -7.27
146 219 -7.98
96 60 -8.15
203 236 5.33
215 224 3.76
200 254 -3.86
234 214 -3.88
268 125 5.88
180 256 7.08
143 149 0.36
179 78 -3.72
54 100 -7.0
207 133 -0.29
185 250 3.6
255 223 -9.07
83 231 -2.91
29 250 -5.26
111 139 -5.27
200 118 -2.14
34 44 -8.51
101 16 -9.66
74 133 6.31
132 36 0.33
265 170 -7.86
222 106 4.4
262 232 -9.11
109 121 0.3
220 164 -4.81
40 162 -4.31
189 213 -0.82
97 260 -4.1
209 51 6.32
138 10 -0.93
233 122 3.22
86 129 7.32
44 242 2.53
28 174 4.53
158 27 -4.01
166 182 6.16
63 74 0.83
126 222 9.39
57 161 -5.98
107 190 -1.49
232 179 -0.01
151 108 -1.39
24 235 1.47
209 147 -7.09
9 35 -4.9
128 74 -2.42
114 39 0.68
184 194 -3.11
75 212 4.89
180 94 -9.61
78 253 7.79
121 100 -1.13
54 179 -8.29
116 64 -9.19
122 207 3.59
149 39 2.8
150 157 -1.79
4 165 -7.78
253 221 4.38
129 263 7.8
77 119 0.36
48 267 7.11
29 140 -8.5
269 28 -5.11
197 8 -3.73
164 92 9.23
39 74 6.06
141 35 -2.39
175 98 -2.78
106 198 9.16
118 56 -6.42
126 74 -5.73
49 28 -7.69
244 47 6.18
115 169 8.28
32 158 -1.63
200 71 1.95
173 46 7.56
20 124 2.76
147 70 -0.93
150 89 -4.76
196 104 -2.49
38 213 -1.71
46 187 -1.13
161 116 -1.35
93 130 4.87
51 228 -7.55
196 49 -6.44
6 37 7.89
53 44 -9.55
99 103 5.95
138 65 2.13
102 123 2.93
12 230 1.46
96 227 -8.39
231 207 -1.15
28 68 1.42
3 222 5.92
221 192 2.56
203 60 -2.93
267 171 6.22
245 100 -9.87
156 31 6.01
215 69 -0.63
146 84 1.92
26 89 8.04
28 13 6.74
193 88 5.42
12 210 5.53
246 265 -6.15
22 153 -4.42
100 66 7.84
70 182 1.32
80 241 5.82
269 29 -0.25
85 258 9.65
83 263 -0.14
0 25 1.77
49 242 4.04
148 96 6.62
270 140 7.74
12 261 5.83
212 130 -0.54
153 269 6.47
201 42 3.86
256 75 -1.78
0 16 -8.46
266 4 1.2
264 197 -4.96
230 230 1.29
211 245 4.19
159 113 3.42
189 34 -6.89
55 181 -1.26
137 158 -9.74
173 98 -0.4
202 253 -7.62
241 172 3.9
152 150 6.77
169 27 -9.89
42 160 0.36
32 252 6.96
144 256 -7.8
44 219 -3.92
257 57 6.23
220 197 -7.29
257 118 3.86
224 75 -7.75
92 224 7.64
131 254 -2.38
157 21 -2.51
178 92 -0.27
218 206 5.63
255 207 -1.06
109 103 -4.54
8 259 -3.41
109 129 -9.82
220 92 -1.1
96 154 -3.6
153 52 -9.74
186 38 9.43
79 172 1.83
222 117 3.07
173 210 -8.5
171 82 3.56
45 263 -2.19
65 86 8.05
21 200 -8.09
240 190 3.15
152 43 8.86
130 217 -7.53
148 35 0.31
189 21 -9.96
243 42 -3.19
199 210 5.63
174 68 6.33
74 66 1.17
166 260 9.85
118 218 -7.24
65 252 8.77
124 139 5.1
19 242 -9.19
166 172 4.19
166 221 3.06
147 35 -2.64
153 79 6.5
151 159 -1.34
50 109 8.87
192 60 -0.2
265 71 4.2
263 39 -6.43
99 263 2.48
150 34 -2.05
173 147 -5.74
83 236 6.21
130 154 5.56
2 38 -1.75
33 214 -2.86
162 256 -4.9
241 130 7.33
176 133 3.97
166 77 -4.81
159 77 -0.08
214 4 -6.78
88 228 -1.74
260 17 2.44
112 77 -6.81
93 187 -0.04
116 168 7.98
33 27 -9.76
44 149 8.23
229 144 3.91
149 115 -2.72
58 27 -7.56
51 165 1.87
203 267 9.05
9 154 5.26
86 89 6.52
62 252 8.55
21 264 -7.86
71 207 -6.41
137 4 3.59
36 47 6.87
95 190 2.15
170 19 7.54
122 65 3.21
86 238 7.38
84 62 2.62
147 159 3.89
174 76 -6.26
232 89 -8.54
270 229 -9.68
253 260 -1.53
189 45 2.76
178 133 6.3
81 231 -5.99
226 203 0.94
238 69 -3.45
89 15 -1.57
166 203 -9.74
3 201 -1.87
223 262 -8.37
257 148 -9.29
135 263 -0.01
227 242 2.67
169 216 8.92
30 269 3.75
141 93 -5.79
103 124 -6.88
113 170 -6.96
45 191 -8.78
190 23 7.84
130 262 -8.23
160 21 6.65
152 230 8.75
0 80 -1.6
104 171 7.2
179 52 -3.16
139 231 4.12
261 56 8.94
156 106 -2.34
200 137 -8.79
118 151 -7.49
140 164 1.47
25 149 3.26
40 31 0.04
153 140 -2.72
203 229 -4.74
73 18 -1.37
108 7 6.85
225 37 -3.55
161 206 0.24
233 266 -9.11
12 58 -4.88
163 114 9.95
175 217 7.92
136 131 1.41
148 76 4.79
95 64 -5.62
87 47 -0.95
173 42 4.92
233 104 8.09
257 93 -1.72
222 151 6.58
253 53 1.87
68 261 -9.4
131 25 -3.83
150 118 7.01
264 261 0.82
224 91 2.87
136 224 -8.86
166 265 -3.22
194 173 -1.42
174 172 8.53
63 118 4.88
62 131 -0.26
211 115 -9.84
72 90 6.87
70 194 0.41
21 127 -7.01
116 57 -6.56
56 161 -9.63
154 155 -6.17
105 21 -5.18
180 170 3.91
24 95 6.7
96 53 4.46
72 222 -9.05
57 112 6.86
37 28 -4.8
12 94 8.73
265 156 -6.81
227 170 9.44
198 160 -1.2
226 188 -3.77
12 198 -9.85
64 151 6.2
252 192 -4.28
198 265 7.74
34 8 8.54
27 24 -1.84
213 29 -1.15
55 8 5.2
191 268 -5.37
168 34 4.37
177 3 -4.7
254 9 -2.08
125 138 8.58
35 131 1.03
146 66 -4.27
99 187 3.05
227 35 -0.18
172 132 9.32
267 4 8.14
264 100 -7.67
174 25 -4.35
34 269 -9.84
153 213 3.72
190 160 2.92
247 44 8.35
92 209 -7.27
158 246 -9.91
170 188 -1.17
145 17 -2.81
133 92 2.46
221 56 -0.37
130 226 -8.22
97 244 -3.47
142 5 4.76
164 186 -7.24
259 93 2.94
239 247 -1.28
197 261 -6.9
146 235 -1.21
115 91 4.66
257 180 -7.25
154 47 -8.63
184 225 7.83
192 245 8.65
267 53 1.83
267 117 -3.54
49 127 3.88
89 117 0.42
198 201 7.42
242 256 -1.38
161 28 -3.49
133 44 -9.55
1 118 -0.43
210 264 -6.92
83 20 0.45
156 217 2.63
56 200 5.13
109 190 -8.71
122 10 2.74
183 40 0.14
21 164 -4.73
196 60 0.41
34 236 8.83
93 13 -4.59
82 203 -7.65
265 26 -0.79
2 18 0.36
211 259 5.92
64 222 -4.0
92 3 -3.76
153 131 -7.05
80 19 1.41
120 33 4.08
53 222 -9.88
175 251 9.23
205 167 6.98
210 56 -5.13
19 84 0.17
177 40 5.81
88 54 2.76
122 77 -7.94
144 38 7.65
67 130 0.76
182 261 -1.29
233 178 8.43
61 224 -9.88
93 42 9.97
210 34 9.95
149 182 -2.27
38 7 3.7
76 1 9.12
58 255 -2.24
109 255 3.19
142 183 2.09
195 138 7.18
176 227 3.79
142 132 -2.76
209 92 9.93
179 36 -3.26
257 17 -2.92
22 161 -2.07
96 238 8.37
65 47 -0.34
214 146 0.86
138 122 5.27
70 44 -0.46
81 240 9.71
91 131 3.83
128 250 -4.02
102 191 -0.68
117 20 -0.72
177 90 1.16
115 137 9.76
234 81 -3.54
270 269 -4.35
130 84 -9.77
53 256 -3.94
152 218 -5.87
267 38 -3.23
36 240 -1.62
220 134 6.13
206 72 -7.9
264 226 9.0
108 203 -3.48
183 86 -5.84
246 240 -1.72
194 16 4.71
51 195 4.16
25 131 -5.18
43 96 4.56
61 131 2.73
140 120 -1.76
65 183 9.01
263 32 -2.86
243 73 -3.58
124 127 -6.76
139 70 1.76
186 6 0.07
27 15 6.74
130 139 -4.89
241 191 2.02
17 21 9.5
0 117 -4.89
186 143 8.04
39 58 -2.8
202 138 -9.17
203 93 -4.04
35 233 -4.22
100 261 7.29
249 8 -4.92
46 182 1.73
200 166 -2.65
69 136 -4.98
197 244 0.02
184 15 -8.47
31 24 -3.7
40 82 -3.85
230 0 -4.52
199 35 -8.41
45 142 1.13
216 243 1.9
95 21 2.05
186 116 0.55
124 115 -9.78
114 163 -4.82
194 253 -3.18
212 69 3.56
21 179 -2.51
8 170 -2.31
165 231 2.18
232 110 -9.38
136 8 -9.12
259 136 0.72
151 93 9.89
190 114 -5.1
260 197 -6.71
116 239 -1.24
5 220 5.22
217 1 -8.23
5 48 -1.29
111 160 7.61
212 40 -5.22
137 224 -7.15
257 111 8.76
82 209 -3.44
258 206 7.44
213 37 7.46
102 227 0.74
160 200 4.59
270 126 -8.35
128 196 -0.93
137 127 -1.78
203 49 -9.54
78 185 -9.65
253 36 5.85
228 151 0.45
229 124 8.76
3 235 6.45
61 82 0.07
87 112 -0.42
184 169 -2.54
158 210 -1.51
81 209 4.59
136 200 -4.51
266 226 -6.98
265 244 3.48
59 240 -7.7
84 260 0.93
207 39 0.43
207 58 4.07
201 140 -5.54
159 156 -6.26
268 245 -2.26
87 115 1.38
144 209 2.01
255 19 7.77
131 186 3.31
251 129 7.44
115 172 -7.65
3 53 4.36
218 89 -5.96
171 97 -7.08
49 82 -2.99
245 108 -6.5
254 40 -8.78
255 28 -1.69
269 37 9.49
97 25 8.14
231 250 2.97
12 55 0.69
37 114 -0.79
204 212 5.68
66 242 -2.04
115 190 8.46
93 167 -1.62
44 231 -7.1
124 227 8.43
259 94 -4.11
17 245 1.42
181 120 5.68
260 262 -6.95
189 0 -2.97
259 33 8.03
23 216 3.35
242 201 8.57
72 39 7.44
163 196 7.47
177 1 -5.68
12 84 -2.88
208 150 4.89
18 14 4.78
52 126 -0.58
73 160 2.31
142 229 7.75
40 150 7.69
242 146 3.7
81 49 -4.13
74 151 9.1
234 82 -2.67
197 133 -1.23
223 207 -4.98
152 20 5.53
19 6 -0.26
198 56 -9.9
148 235 8.66
225 145 2.25
242 89 0.03
209 192 5.31
116 135 3.4
153 92 -8.07
191 227 -0.73
8 171 -6.14
254 222 -5.02
202 206 3.8
35 198 4.87
164 84 4.5
184 59 -4.67
135 75 8.63
23 27 -3.35
155 182 9.36
85 236 -9.38
196 70 -0.47
178 67 -4.32
90 82 -0.38
108 121 -5.86
249 252 -1.94
148 121 -2.64
104 263 -2.9
54 234 -5.41
19 52 -2.57
105 252 0.58
57 180 -3.94
79 209 0.11
135 210 3.94
127 91 -9.78
28 227 7.0
244 229 -8.36
176 107 -8.5
246 70 9.1
59 182 -7.12
136 90 -1.31
119 34 9.24
120 232 -1.97
150 80 1.46
244 41 -4.86
60 103 -5.26
131 220 -9.62
135 36 9.04
132 270 9.61
98 5 -0.28
101 152 -5.73
48 9 -5.71
153 177 -8.37
13 5 -9.53
189 248 -6.44
22 29 3.14
43 95 -4.58
35 200 8.37
158 128 -8.3
269 239 -9.29
3 147 -2.52
217 125 1.54
197 148 6.21
133 87 -1.93
151 105 -1.14
149 131 -8.89
45 246 7.72
30 226 2.88
35 41 -9.77
234 270 -1.36
233 117 -6.52
104 185 3.44
205 98 4.18
133 86 -7.05
125 124 8.95
72 232 5.37
88 143 2.13
16 111 1.69
15 263 2.41
20 204 7.96
255 154 -6.89
242 208 0.3
181 197 -8.71
119 152 6.57
45 69 5.27
72 94 -6.24
179 16 3.64
236 100 -6.8
101 17 -3.27
22 258 -3.19
136 56 9.38
103 134 -3.26
235 248 -1.69
8 258 9.83
83 122 1.75
130 159 8.31
194 41 9.9
218 209 2.49
69 43 -1.94
68 248 3.84
56 103 -8.51
68 110 -3.86
16 76 0.66
162 167 -8.41
254 145 -8.79
39 117 -1.88
19 19 3.9
145 146 -6.86
214 138 3.82
200 177 -9.95
264 40 5.1
17 221 -0.99
176 235 3.22
240 103 3.85
142 14 -9.29
158 139 -3.94
119 75 -9.66
190 36 -2.41
264 137 -7.69
156 121 0.66
14 152 3.47
127 45 0.92
44 127 7.09
241 22 5.63
119 173 -2.44
210 253 -2.05
178 107 -5.36
200 53 9.45
219 98 -6.74
5 124 -4.4
44 16 8.46
237 265 4.43
133 166 4.12
50 115 2.64
93 32 6.32
239 41 -2.05
173 199 -7.39
257 248 4.3
53 202 -4.84
15 18 8.76
248 109 3.85
24 74 6.18
142 34 -8.36
177 46 3.8
257 166 3.02
43 172 9.8
61 223 6.95
140 152 8.1
166 180 -6.24
194 180 -0.94
43 129 -3.12
268 127 4.32
53 82 8.38
54 261 -0.72
206 94 4.41
250 42 1.05
194 40 -4.67
28 73 4.41
84 163 4.37
260 108 8.21
203 227 -8.05
143 177 5.0
180 183 -5.27
253 208 8.5
7 37 -1.13
249 49 -1.73
128 229 -6.69
35 178 2.33
72 260 -6.49
213 256 -2.82
168 81 2.98
30 126 -9.97
105 187 -6.98
150 88 -8.02
191 241 -1.81
117 37 3.08
103 153 -8.05
74 187 -0.04
153 199 -8.0
133 250 -1.22
119 205 -3.68
174 87 1.26
84 166 9.47
83 45 1.19
249 241 5.21
154 39 5.83
83 166 -2.17
30 139 9.02
211 63 -0.95
138 69 5.83
188 215 9.48
138 59 5.45
146 114 6.94
250 75 0.51
53 118 -7.4
80 182 -4.5
262 239 7.24
93 7 -3.81
247 5 -4.63
122 75 -5.35
102 130 1.92
79 60 8.44
218 261 3.84
145 39 5.96
114 195 -6.6
173 74 -2.83
86 220 -2.33
204 255 -5.19
15 126 6.01
261 124 -9.69
21 225 -3.96
79 219 -1.82
206 110 -4.68
262 132 4.28
249 269 3.3
161 172 5.31
196 16 7.4
244 149 -2.77
241 89 7.16
7 243 9.19
259 173 -8.48
267 118 -8.6
206 157 -1.56
107 80 -4.47
152 82 6.49
104 53 -3.16
263 138 2.24
227 65 -9.85
45 251 6.11
41 179 -5.33
245 60 6.81
75 3 -1.58
50 44 7.15
104 34 3.55
85 199 -2.44
76 126 6.22
261 268 -6.09
65 202 -2.97
91 117 -3.64
201 69 4.82
224 206 9.58
80 179 1.65
146 208 9.24
1 51 1.49
214 85 5.09
27 173 -9.02
245 71 -0.77
268 209 2.06
256 181 9.92
150 237 5.69
40 38 -6.06
83 268 5.58
160 81 0.06
252 209 9.97
82 95 -8.13
43 31 4.08
93 113 5.53
144 203 1.13
41 23 -3.08
172 182 -6.84
6 12 0.89
177 230 0.38
227 219 -3.31
213 62 -0.98
132 3 -6.56
197 190 6.06
227 239 7.52
151 140 -5.47
195 186 -8.82
168 167 -4.69
258 226 -0.17
160 32 8.95
18 137 -7.7
174 137 1.93
248 268 -2.31
56 88 -3.05
144 269 -6.62
36 101 -1.28
33 46 -1.79
162 262 1.97
90 127 9.51
55 210 -3.75
112 195 7.73
90 142 9.79
82 99 6.81
175 212 -1.56
100 251 -8.97
173 236 0.18
152 264 3.26
204 55 9.5
255 125 -3.19
20 79 0.94
33 232 0.36
79 246 -4.18
215 231 -4.83
89 223 -3.81
69 264 1.5
96 131 -7.82
88 135 -8.04
140 217 -5.09
155 68 -3.18
170 218 -6.25
38 76 -7.95
101 154 3.4
44 266 7.73
60 185 -1.85
172 246 -6.49
189 183 -0.98
180 43 8.49
139 151 -1.68
18 3 -6.93
212 211 -4.74
32 25 5.05
21 122 -1.83
126 201 -8.07
99 193 0.72
106 112 1.81
170 267 -6.49
11 188 2.22
217 242 -6.27
40 193 7.06
91 206 -1.35
235 114 -9.26
130 16 0.27
191 202 8.95
145 37 5.67
82 135 -5.03
69 2 -2.45
91 209 -8.0
95 244 -1.41
55 6 9.42
200 112 -3.86
248 68 8.08
37 147 -1.36
169 180 5.59
188 184 -2.54
208 57 -8.2
34 54 -6.68
19 17 -3.19
259 47 -0.88
78 239 -5.74
54 24 7.04
10 92 0.97
52 33 -9.96
188 212 3.44
107 164 5.3
218 104 -8.48
22 32 -3.73
37 75 -4.63
13 182 0.29
248 246 9.7
166 240 2.41
253 79 7.31
200 255 8.67
86 120 2.34
137 160 -3.97
241 70 -9.11
150 209 7.27
257 264 -3.99
48 202 -8.0
127 236 -2.31
164 108 1.05
145 128 -5.42
191 19 4.02
47 74 -6.81
198 87 1.1
13 269 -0.72
14 19 9.94
177 170 -0.79
145 178 7.18
25 209 2.64
142 172 -9.18
270 64 5.35
21 189 -2.27
228 177 7.13
36 1 -8.84
71 2 9.2
28 269 -4.99
2 5 -2.7
16 218 -6.25
229 100 3.46
18 20 -6.5
159 249 2.43
125 21 7.08
232 269 -4.12
121 91 -8.5
106 24 -7.1
148 192 8.04
158 219 -5.51
19 114 -9.4
180 78 2.74
246 247 4.15
47 171 6.24
8 211 -7.65
96 27 6.54
83 245 5.97
37 43 4.85
107 86 -6.63
81 73 -9.74
3 41 -6.06
60 137 4.87
64 113 8.76
135 143 -2.0
253 35 1.16
185 61 1.6
68 166 -6.37
75 80 -7.79
208 71 -6.96
260 16 8.22
73 124 6.46
29 121 3.81
70 140 -4.87
54 246 -0.09
11 95 4.9
146 86 -4.41
71 240 5.44
123 175 -5.3
260 193 1.28
17 68 -2.64
87 19 8.96
100 249 -2.08
84 8 -1.98
200 50 -9.97
170 156 0.49
41 162 7.93
203 231 2.14
219 55 -9.47
105 27 -8.65
76 254 -9.94
150 0 8.68
94 47 -1.95
22 23 7.81
209 250 -4.6
186 256 -5.97
174 98 -7.75
225 110 -3.37
92 253 8.33
223 158 1.02
249 116 4.82
134 153 2.23
40 244 9.02
217 88 2.41
202 223 -0.04
36 213 -6.25
253 117 -0.38
30 227 9.89
259 29 2.91
172 65 7.75
23 81 -2.43
89 174 1.06
137 202 -6.34
265 231 5.86
265 23 9.55
31 193 0.16
142 101 -5.33
85 160 -0.54
182 104 -2.73
182 244 6.94
19 179 4.16
138 182 -9.87
34 45 -8.2
238 222 -6.82
69 92 -5.88
143 122 3.74
129 85 1.69
114 167 -6.03
195 241 -3.57
140 193 -1.47
258 98 -4.65
225 51 3.26
190 185 -9.3
255 254 -1.45
209 249 -1.41
113 210 6.85
19 250 -1.85
30 74 0.05
209 32 -7.61
39 191 7.84
23 82 -4.98
22 57 0.75
26 23 -9.07
78 170 -9.01
176 266 -3.61
262 133 2.2
98 86 3.72
8 0 -8.77
201 105 -8.34
245 35 7.67
9 46 4.76
32 62 -3.05
236 48 -9.59
221 4 5.02
100 194 8.56
186 142 0.92
208 221 -9.38
242 107 5.63
132 125 1.13
180 85 -8.58
177 43 -4.68
249 2 5.02
143 50 -8.11
148 134 9.04
4 71 5.18
123 174 5.17
6 30 -3.21
174 22 3.84
160 138 5.07
159 150 -5.49
42 121 -6.1
68 150 2.6
223 240 -6.87
152 136 -9.03
40 177 -3.81
43 94 3.63
90 36 1.25
171 18 0.33
123 68 -9.04
240 120 3.96
25 146 3.29
110 209 -2.73
57 208 4.53
152 222 -5.25
147 192 2.47
175 39 9.1
224 31 2.57
26 56 6.48
209 210 5.34
84 263 4.04
29 115 -1.94
179 192 3.98
160 57 -9.07
112 197 0.11
139 161 8.36
199 40 -4.61
88 92 2.57
71 126 5.13
269 70 -7.21
67 145 -9.96
201 51 6.63
59 5 9.0
64 215 -3.86
123 270 5.53
86 228 -4.19
186 156 1.02
124 111 8.44
115 81 -4.2
183 17 3.06
227 58 -5.92
56 183 8.28
165 147 1.88
124 160 9.34
62 256 -1.9
2 87 2.66
98 96 -5.11
55 111 7.97
93 189 -0.82
125 269 -2.0
29 160 -7.72
268 210 9.93
5 103 5.25
66 147 -5.67
101 131 7.46
83 162 -2.33
216 257 -2.39
18 226 -3.58
255 96 -9.81
149 52 3.64
48 1 9.61
82 139 -1.27
12 87 -1.06
156 152 -8.17
146 107 4.86
213 28 7.69
210 184 -8.67
209 160 1.36
183 262 4.27
75 139 -1.49
129 49 3.0
2 129 4.86
168 177 6.18
3 258 -1.92
266 128 8.91
44 109 -4.56
86 250 -5.56
218 198 8.45
123 126 2.15
174 138 0.79
188 44 3.41
164 252 0.52
141 25 -9.47
201 251 8.03
184 69 -2.56
180 96 -1.79
24 227 4.52
182 177 -5.39
106 165 -7.09
219 88 2.83
48 119 0.4
55 7 -1.56
18 162 -5.49
264 83 -3.24
171 231 0.29
259 200 0.75
149 169 -7.27
261 245 -0.23
228 182 -3.28
90 101 -9.03
72 86 8.51
0 160 4.86
34 100 -4.9
110 30 -7.03
90 185 4.6
203 69 3.54
17 130 -0.95
40 109 -9.42
139 27 -9.1
35 263 5.18
57 226 4.32
22 112 8.34
143 57 -3.2
170 219 -6.4
78 200 -2.75
219 67 -7.37
249 158 6.41
144 113 3.35
77 212 -4.72
12 134 1.13
33 154 -0.04
252 57 2.18
179 11 -5.45
58 252 -0.23
49 118 7.6
259 22 -2.5
194 128 3.56
209 97 -0.08
264 14 -7.82
166 14 6.54
67 103 5.17
67 197 2.3
145 101 -2.57
259 252 -2.06
223 124 6.87
15 131 -3.18
235 55 -2.78
180 247 -6.1
150 261 7.04
39 239 -3.28
144 204 -4.29
136 92 -4.13
170 144 4.96
199 216 -2.24
262 270 -7.03
200 256 1.53
43 67 -7.33
142 163 -6.41
259 46 8.7
12 97 5.88
266 34 5.15
238 193 8.99
26 157 0.12
158 170 -5.43
270 80 -6.99
64 197 3.53
32 117 0.41
98 35 5.55
210 101 -5.77
236 124 -6.65
86 159 2.76
100 56 -7.07
58 22 8.37
173 197 -2.56
236 242 -3.0
263 78 -0.98
146 155 2.93
225 67 7.8
35 210 8.52
87 11 0.7
169 72 1.33
66 136 1.66
101 170 3.62
222 88 -6.25
248 98 -8.85
51 79 -2.87
261 184 3.1
59 110 -3.75
112 159 -5.03
200 241 -3.44
103 100 0.59
5 213 -3.5
147 220 5.6
17 12 -0.41
84 85 5.12
2 145 -2.01
269 181 -1.23
250 119 -9.12
49 45 -4.73
241 64 0.64
111 44 5.68
187 194 -2.59
121 146 1.34
155 161 -3.59
251 101 -1.63
116 207 -2.14
82 132 -8.52
246 12 5.77
133 31 -1.57
123 65 6.12
64 118 -1.26
102 214 5.96
123 93 -3.04
45 58 5.35
38 113 8.28
100 84 -7.43
218 177 3.81
100 8 1.02
161 215 6.63
202 218 9.04
187 244 2.36
270 266 -1.08
223 33 -0.13
232 195 -6.49
221 96 -5.2
83 164 -6.76
44 214 0.33
112 45 -2.57
66 88 -3.51
105 54 3.58
105 188 -7.71
38 58 8.81
164 133 -4.79
169 153 -3.48
217 43 6.97
260 239 -8.3
57 28 3.45
31 52 8.69
199 131 -8.8
70 57 2.31
15 268 0.56
115 205 -6.15
8 238 2.06
37 16 1.7
155 175 9.49
71 50 1.55
192 183 -5.4
153 185 -9.14
121 82 -3.96
105 59 -7.34
59 266 -2.78
140 266 5.6
169 184 4.34
40 114 0.85
102 174 9.85
98 266 8.9
182 242 -8.48
31 191 -1.41
91 44 3.46
60 220 -5.48
256 154 -7.46
259 248 9.84
19 53 9.91
82 56 -0.2
82 236 9.63
186 133 -8.96
200 207 9.12
150 51 -4.23
66 247 5.65
261 154 -0.38
104 110 5.45
238 107 0.92
38 43 -0.8
124 191 2.22
186 190 -6.89
31 110 3.55
173 232 -8.26
188 182 -5.34
0 216 7.81
193 51 8.62
260 165 8.07
32 49 -5.53
132 174 -9.73
264 39 -8.63
186 126 1.25
262 76 7.98
183 149 -5.21
221 232 -4.08
247 162 -4.7
202 211 3.38
64 112 -9.96
47 232 -5.42
117 255 8.39
130 187 -7.05
20 121 7.32
121 101 2.3
207 29 -4.49
148 131 6.48
96 124 -7.07
137 115 0.47
172 69 0.5
247 260 2.87
93 120 4.79
184 170 5.27
133 151 -1.34
38 27 -4.35
215 250 -4.66
79 0 -3.23
244 133 2.93
105 110 4.62
258 93 3.37
5 181 -2.68
16 2 -2.09
16 120 4.53
97 174 -5.74
52 125 -7.53
233 71 -9.49
138 78 -6.5
167 24 6.53
199 219 2.39
69 211 1.88
234 11 -1.91
206 107 -6.69
90 113 0.03
145 118 -9.34
177 213 -3.09
75 100 1.78
34 51 -6.41
244 191 -1.72
184 182 4.55
157 222 3.64
226 69 5.0
9 75 6.0
216 129 -2.06
242 239 7.07
150 204 9.02
50 76 3.69
127 57 -8.18
86 14 1.63
79 160 8.71
78 98 -9.46
93 127 0.89
191 256 5.05
95 69 -7.17
32 190 -8.19
251 199 -0.42
255 113 7.52
68 131 0.25
121 224 -2.93
159 164 -6.72
85 93 -6.04
82 17 9.97
127 1 -8.64
245 215 1.53
60 216 4.73
201 135 5.5
108 110 -8.3
167 262 -7.21
68 115 3.58
263 162 -2.46
95 57 -5.78
11 156 1.93
20 72 -1.91
268 49 4.98
244 234 7.23
61 64 5.6
78 183 -1.83
77 234 3.66
149 154 8.96
5 116 -2.6
197 113 -6.44
125 58 8.61
269 201 8.57
113 107 3.65
49 5 -0.54
240 137 -1.16
158 37 -5.34
127 189 1.53
34 15 -9.59
80 25 -6.87
17 112 -9.41
56 267 -8.81
115 106 -6.91
105 34 -4.24
258 30 7.73
136 84 9.43
47 77 2.44
93 122 2.61
129 214 -0.44
52 89 8.67
165 116 8.87
194 236 -9.37
38 264 -0.56
148 206 -9.32
211 220 0.47
7 180 -5.95
94 192 0.7
207 52 -4.75
81 235 -0.21
247 122 3.83
103 147 -1.34
196 81 2.5
60 210 3.09
164 70 -9.07
186 157 -0.25
155 131 2.2
10 89 1.86
99 115 -0.33
80 29 9.21
69 31 2.85
200 141 7.78
1 165 -5.57
150 242 7.2
258 173 -7.5
207 263 -0.64
141 18 -9.59
5 65 -3.3
32 223 8.21
138 60 1.15
135 10 7.43
172 168 -5.04
111 167 -1.46
34 38 -6.21
246 52 0.01
74 111 8.88
211 167 -0.38
42 87 -6.19
212 2 5.59
158 238 8.33
78 38 1.58
220 53 3.43
269 62 -7.32
75 265 -7.04
82 112 3.2
122 7 3.71
243 242 5.81
203 159 -2.2
2 93 2.32
69 14 8.16
222 136 7.22
26 40 -6.97
236 119 2.75
20 191 -9.5
26 250 9.34
7 22 8.98
263 52 8.7
0 24 5.86
100 206 8.31
259 70 -0.14
78 174 0.98
180 126 -1.04
220 65 -2.23
136 133 0.07
268 228 8.42
40 20 2.29
219 1 8.32
55 225 8.57
47 139 -1.16
112 199 -1.02
198 252 1.65
72 0 -3.13
80 42 5.95
223 192 -9.8
14 127 6.9
64 206 2.56
257 16 3.6
211 78 0.22
33 63 -7.52
9 152 9.34
36 130 5.83
45 119 8.91
187 76 8.56
155 125 -2.36
1 224 3.89
0 207 -9.76
136 260 3.48
213 247 1.86
258 245 6.2
227 68 1.42
263 27 -5.53
143 236 -8.51
177 45 3.53
29 40 1.48
88 2 -0.53
207 111 9.27
130 104 5.89
152 41 -2.65
92 134 2.1
240 182 1.91
227 236 0.07
91 46 -5.35
183 95 -7.24
50 59 -6.8
217 226 4.65
18 32 -4.75
108 171 4.06
223 208 -6.46
152 75 -2.5
195 60 2.97
42 126 -0.56
208 206 2.96
67 128 -8.96
57 225 5.1
75 62 -9.67
77 247 9.01
11 89 -6.13
59 227 -9.33
145 240 -8.28
101 43 -9.83
83 96 -3.81
29 63 6.47
172 54 3.34
125 118 5.32
221 223 7.61
254 106 -2.57
154 133 -6.61
18 120 -0.54
53 46 -2.35
61 257 0.7
264 60 -5.43
43 269 -5.14
220 190 -7.16
1 136 -8.74
64 6 8.0
110 83 5.96
24 78 -2.19
44 122 7.69
226 175 -6.45
150 152 6.28
47 83 8.38
201 62 8.19
213 9 -9.11
182 205 -3.43
134 72 0.41
212 244 -7.72
58 175 -6.73
189 89 3.09
242 12 4.09
188 146 -6.24
136 88 -3.06
267 108 8.07
175 64 -5.5
39 159 9.67
189 127 3.12
59 143 -5.17
183 0 9.07
91 211 -7.9
183 167 7.22
83 156 -5.66
241 211 9.34
177 159 6.04
78 155 9.85
121 247 8.2
126 83 4.15
203 45 -6.71
257 34 9.51
246 71 -3.18
65 2 2.61
39 35 4.23
64 90 -0.64
39 72 9.59
67 246 0.63
36 203 -7.23
206 0 -4.62
180 169 -0.09
35 75 7.18
81 146 -5.72
218 119 -0.43
135 95 5.27
254 201 -9.0
125 46 -2.24
261 138 -3.78
111 234 8.39
110 190 -1.95
229 177 1.67
242 166 7.78
198 27 2.51
255 101 -9.8
230 97 2.8
12 183 -5.82
131 182 -1.33
53 243 2.92
27 90 3.78
22 158 8.18
236 129 0.66
206 89 9.54
260 238 -7.21
42 114 -4.53
26 74 -0.36
22 256 -7.99
13 257 0.01
62 35 0.92
142 220 -5.52
235 176 2.13
49 46 2.5
215 252 2.84
10 36 8.03
160 51 -8.57
54 267 3.48
6 80 4.65
114 22 0.79
246 269 3.01
151 6 -9.32
87 251 6.87
210 24 0.01
180 257 -8.26
194 113 8.91
204 260 -8.27
108 68 -6.57
137 188 -4.01
188 42 -1.13
191 240 8.53
68 90 -9.53
51 39 4.87
19 37 1.45
28 114 -7.07
60 219 -1.15
244 94 -3.28
63 103 -5.87
124 8 -7.22
23 156 -6.1
45 134 -4.77
92 94 9.49
154 10 6.71
155 203 5.01
182 110 -7.9
133 73 2.96
248 88 4.73
240 191 -2.56
85 227 0.27
22 71 0.41
241 86 -6.84
202 221 -8.65
54 223 2.16
147 243 0.35
201 217 -9.14
42 46 -4.94
189 212 -5.68
16 190 -4.14
220 169 2.34
165 19 3.84
124 50 -9.02
236 49 6.81
21 162 1.29
78 138 -1.22
57 1 9.99
267 201 -6.15
166 188 7.38
179 148 -2.18
258 57 7.81
20 251 4.47
262 198 0.33
91 196 -6.58
10 166 -9.94
102 233 6.07
77 122 3.83
168 7 -2.17
234 184 -4.77
133 200 5.16
113 132 7.15
193 230 0.69
27 5 -7.42
201 94 -5.84
223 94 -8.83
45 77 -8.98
64 55 4.96
240 229 8.0
3 214 -4.39
229 31 -8.37
170 217 -7.55
154 15 0.41
197 183 9.1
85 73 -1.64
157 165 8.32
123 74 -7.36
266 166 -0.88
220 168 2.05
97 179 -0.48
165 10 9.83
160 48 -5.52
92 143 9.84
8 266 5.84
147 40 8.48
136 142 4.08
34 111 8.52
22 125 -6.2
9 66 0.62
17 1 6.93
54 207 -6.37
180 33 -3.68
264 63 6.51
161 54 -1.99
2 246 -0.52
256 133 7.83
127 108 -4.53
35 268 -2.71
261 229 -0.02
195 178 -1.55
185 30 -3.81
27 155 0.81
49 207 2.39
2 218 -6.01
150 268 -6.1
253 199 -1.09
36 214 -6.94
142 141 -4.77
79 58 -7.8
137 68 3.44
76 25 5.23
30 3 2.36
156 127 -2.22
16 240 -5.97
28 57 9.46
67 156 4.2
170 220 5.62
150 173 9.32
265 143 1.74
55 262 5.98
119 26 -7.24
151 21 -3.1
228 8 7.1
196 93 -0.64
51 166 8.97
134 241 -2.88
149 2 4.76
7 84 -3.8
52 185 8.46
202 71 -9.3
63 1 -4.75
63 0 0.88
21 211 -1.68
86 192 8.08
115 1 0.43
163 62 -4.59
114 132 -2.14
199 182 6.86
248 236 5.17
187 80 -6.51
27 220 -4.15
178 268 0.67
211 50 -4.7
102 35 0.79
207 244 9.94
146 37 -2.45
212 156 5.09
170 21 0.09
179 138 -6.15
155 92 1.62
11 250 6.51
13 69 -6.84
209 205 0.5
239 60 9.96
188 106 -6.92
228 190 3.11
20 193 -2.18
200 228 3.96
113 263 -8.94
211 84 -1.71
182 39 8.0
268 80 -2.77
102 86 -2.91
4 68 -5.32
237 44 8.69
210 158 -4.47
210 87 -0.25
57 67 -5.35
119 182 -4.09
55 150 -4.39
41 96 9.6
133 228 6.58
269 175 -8.97
184 99 -3.32
8 247 -0.88
223 18 4.81
183 263 3.22
45 70 -9.11
255 99 -3.98
160 259 4.39
227 59 2.79
152 51 2.71
134 160 5.48
18 266 0.3
101 219 -8.93
97 15 3.96
115 168 3.06
95 156 -6.19
225 199 8.03
266 104 5.93
102 125 8.1
242 233 -3.77
225 35 -8.58
256 109 -6.81
160 102 0.23
191 180 9.38
115 235 -6.88
11 76 3.28
5 267 1.79
108 226 -4.3
142 218 -8.02
246 103 6.43
208 243 -4.97
158 125 -4.96
214 19 -4.67
192 111 9.91
202 195 7.5
112 83 6.92
42 152 -0.42
234 17 -3.4
44 146 8.24
123 8 2.34
24 139 9.36
19 36 -9.88
249 33 -9.35
3 21 -6.57
114 27 5.6
48 137 4.26
37 135 8.98
4 211 -7.86
144 241 1.21
155 243 -3.13
115 115 0.29
76 164 4.99
157 125 -2.24
234 106 9.34
77 162 4.89
28 97 6.76
130 124 2.74
148 252 8.41
7 54 2.13
164 246 -8.04
187 152 5.04
92 252 9.22
83 65 -5.4
181 152 4.95
225 107 8.87
78 231 5.8
55 164 8.45
231 153 8.7
114 15 -7.19
163 183 9.79
256 186 9.18
78 133 -6.09
45 201 -5.68
65 144 8.72
217 262 0.13
221 72 -4.9
95 160 -2.47
72 156 -0.04
162 27 8.26
243 196 -5.49
149 233 0.16
27 190 -7.61
258 212 -8.09
204 69 -6.8
17 143 -1.57
133 246 -0.82
85 21 -3.18
78 270 -2.0
72 203 -1.2
215 262 -5.64
183 87 0.33
25 34 -3.69
55 144 -8.6
247 116 -0.62
158 52 0.08
66 45 0.58
112 269 -8.6
107 41 8.87
250 155 -3.94
139 218 8.58
210 259 4.28
38 6 4.21
241 65 -4.52
175 129 2.86
217 13 2.12
218 118 6.34
186 260 -5.12
10 160 -5.54
166 140 -6.61
109 207 5.99
241 262 -7.14
46 157 3.73
4 192 7.89
141 148 -1.49
136 41 2.5
241 42 -6.26
235 170 -4.65
77 109 -2.96
189 4 -7.67
59 180 1.61
44 251 -0.8
136 132 -7.07
97 128 -8.71
62 208 -0.04
174 143 -9.75
179 25 -5.42
93 135 3.12
182 225 -4.83
72 139 1.27
234 123 -5.32
190 7 9.07
186 95 6.42
152 176 9.58
268 246 -7.5
1 227 6.33
119 183 9.76
128 60 -1.95
148 75 -7.94
65 265 -4.72
41 197 0.91
18 52 -5.86
131 143 7.73
241 249 -5.67
213 183 6.02
172 180 5.74
208 24 4.03
7 31 4.68
153 156 3.11
129 168 8.26
44 138 -6.75
151 250 8.77
75 183 -7.61
203 149 -0.94
219 233 -8.52
17 264 3.61
42 253 -1.33
59 70 3.06
228 115 -3.91
65 191 9.96
18 61 4.74
41 8 6.66
136 257 2.59
95 254 -2.95
193 92 -5.88
7 177 3.94
189 192 2.74
95 227 -2.43
265 145 -8.93
242 11 7.24
23 230 -4.3
259 23 9.85
39 50 5.67
96 254 -6.78
216 225 7.87
100 14 -7.09
73 172 5.89
268 268 2.68
269 138 3.5
54 87 7.43
270 205 5.59
163 244 3.18
39 200 3.95
254 193 -9.63
40 131 5.37
259 148 1.41
106 46 0.31
162 179 -6.14
190 269 -2.25
89 19 5.57
258 2 -2.99
97 76 5.14
72 202 8.66
78 20 3.42
150 6 6.1
0 189 -8.16
230 185 0.24
211 133 -9.77
229 199 7.86
103 31 -2.1
256 253 -7.38
47 204 9.27
134 255 4.67
59 156 4.53
60 124 2.21
47 201 -2.28
204 263 9.82
177 208 0.44
238 253 6.71
10 131 -2.37
89 65 9.38
131 229 -4.21
248 226 9.23
236 210 -6.12
176 46 6.4
7 75 -6.44
223 153 -4.91
159 239 -1.76
15 162 7.81
91 263 -0.99
57 193 -0.17
189 35 5.99
137 109 -4.43
112 29 -3.12
75 65 -8.36
214 92 -7.24
35 239 2.57
262 208 -7.32
16 49 -5.69
228 262 8.45
55 36 -1.35
139 2 -6.41
171 105 -1.54
176 255 -4.84
64 164 4.27
233 247 6.61
206 249 -5.16
204 140 -5.85
209 141 -2.04
165 168 -2.85
251 153 -4.42
19 146 9.63
190 53 -1.0
98 262 -8.75
147 101 -2.75
31 95 3.21
230 232 -1.53
137 241 -2.23
199 249 9.88
253 177 6.9
8 102 -3.53
182 265 -8.98
43 237 0.25
134 135 3.33
247 184 3.71
45 238 -8.71
249 135 8.34
90 67 0.4
141 182 -1.94
61 118 -6.93
175 12 -4.71
241 143 -9.02
238 33 4.77
122 48 4.92
85 31 -8.16
195 251 4.56
72 237 5.18
119 84 -6.85
223 189 3.1
38 149 -2.73
157 2 -4.62
206 180 -4.44
141 89 -6.8
173 175 -2.74
159 210 -8.61
211 161 4.2
117 104 9.77
171 186 5.57
23 244 -2.4
50 225 -8.83
6 232 8.98
180 265 2.22
150 174 -4.23
139 56 6.78
91 240 -9.76
81 121 -1.99
71 224 8.54
12 19 -4.82
136 40 3.67
246 124 2.69
228 77 -6.08
143 7 0.13
130 148 -0.52
54 244 -0.64
49 80 7.02
162 20 0.85
36 69 -0.78
12 202 -3.69
147 127 -5.07
240 219 -2.76
62 173 8.68
227 216 4.6
135 186 6.09
154 35 -1.54
181 84 -3.63
88 246 1.67
67 236 -2.13
24 9 -8.32
121 215 5.92
245 9 -6.79
112 263 -1.78
225 32 -1.48
99 125 -8.31
202 175 -9.26
51 58 -5.15
11 231 8.0
258 172 -0.08
10 147 3.91
160 92 6.7
215 129 6.3
86 2 -0.13
263 218 0.09
244 189 5.34
156 34 -2.17
236 248 -9.36
13 137 -0.99
250 170 -1.87
145 83 -8.93
187 43 -0.65
27 268 7.58
208 143 -6.65
157 25 6.19
10 258 -0.8
209 178 4.32
227 133 1.03
62 1 -3.16
129 162 -1.55
112 232 -8.17
75 198 -3.89
142 22 -3.93
183 100 3.76
115 255 4.69
228 215 -3.86
149 153 -6.77
150 233 -4.01
81 6 -5.6
178 146 7.14
113 244 -1.68
270 40 8.36
106 143 -8.96
189 243 -5.25
246 200 1.06
220 250 -6.69
220 96 8.63
2 126 -3.46
76 250 7.66
204 96 5.51
106 31 5.46
59 60 6.71
269 261 -9.72
60 74 1.27
143 103 2.58
52 99 -2.53
200 148 9.88
238 156 8.21
36 169 -0.04
94 118 2.38
117 106 8.37
98 220 -1.74
44 168 2.0
110 87 -5.19
59 30 -4.61
255 7 -0.93
201 124 3.72
221 179 -6.9
155 263 9.08
6 215 8.69
193 45 -6.89
47 130 3.32
154 262 -7.08
14 244 -9.63
64 254 -7.28
109 215 -3.96
215 173 -3.6
79 36 -6.95
54 210 7.37
78 139 6.05
189 147 -9.01
39 179 -1.29
130 238 -6.76
158 25 6.73
208 39 -0.22
150 117 9.29
12 209 7.13
38 38 5.63
210 105 -6.89
16 220 -1.03
219 14 4.49
166 173 -7.08
148 169 3.4
233 211 -4.84
153 209 -3.23
135 44 8.1
90 29 -5.12
241 256 -3.13
36 109 5.26
204 222 -6.31
139 213 4.68
130 254 -8.86
56 153 -5.64
77 191 -3.05
128 22 -0.13
223 164 -2.57
96 170 -2.82
92 161 -9.84
60 97 6.17
157 6 -6.29
8 181 -5.73
74 28 -9.51
252 127 -8.44
92 56 -4.9
110 186 3.43
178 120 -1.09
122 115 -4.02
64 42 -4.13
86 270 -7.94
100 87 4.4
193 65 -5.52
2 167 1.72
60 162 -7.45
232 188 -5.6
82 96 0.47
99 179 1.36
175 269 4.47
177 81 -6.0
224 123 7.18
197 210 4.04
145 61 5.39
226 130 -2.64
187 75 -0.6
179 89 4.45
96 183 6.17
160 121 -5.42
69 265 -7.91
161 201 -7.57
239 47 -4.4
121 151 -5.87
193 110 -8.38
3 182 3.38
78 117 4.66
99 86 -8.75
145 153 0.61
77 15 -6.94
242 245 -2.0
54 109 -9.03
196 125 -4.33
79 104 -1.25
190 192 -9.61
117 192 -2.23
166 159 -1.74
28 219 -2.13
38 129 -3.26
201 199 -8.58
262 201 4.96
66 226 -1.24
108 106 -4.08
205 7 5.1
170 93 3.96
70 136 4.51
106 205 -5.41
266 156 9.22
147 5 2.17
58 65 8.95
132 95 4.31
202 174 7.12
50 254 -1.93
194 59 7.29
62 267 6.74
76 134 8.54
48 236 3.93
265 126 7.97
81 220 -3.66
206 51 -6.33
200 43 0.32
223 84 -2.95
132 169 -0.91
116 73 4.11
163 134 1.55
145 57 0.74
124 253 2.47
191 266 -7.85
182 238 0.04
87 256 9.75
163 182 7.71
251 262 -5.78
177 264 1.5
240 69 2.48
18 235 -3.47
92 117 -8.58
233 123 -2.95
65 228 -6.13
18 56 3.19
86 177 9.18
224 202 3.49
22 77 -2.51
63 234 -5.41
66 169 5.46
192 4 -9.78
118 193 3.79
180 19 9.89
99 35 -5.03
81 123 6.19
159 188 -5.33
60 148 5.94
194 217 -7.84
178 139 -3.72
35 97 8.62
200 152 -1.92
32 73 2.15
260 218 -5.86
222 209 -2.91
65 229 -7.87
174 101 -1.73
80 80 0.18
107 23 5.12
136 134 -0.97
3 101 -6.38
112 27 2.12
51 57 -4.28
119 94 -1.06
35 78 7.08
207 221 4.8
132 87 0.34
172 52 -7.99
151 79 -9.54
41 217 3.0
240 155 -6.25
52 104 8.17
110 268 6.48
8 46 5.13
153 109 4.11
46 158 -7.09
201 261 8.14
102 55 -7.78
31 226 -7.33
100 152 9.16
186 244 2.07
64 238 -6.8
127 154 3.38
116 107 -4.03
24 86 2.21
223 48 -9.5
124 173 5.57
99 210 -5.95
40 78 0.51
113 36 -7.56
157 24 5.79
108 39 -3.29
259 169 8.56
218 167 6.83
2 30 -3.8
186 13 -8.16
244 239 -5.26
41 181 0.76
70 151 -1.84
249 34 -0.49
13 12 2.32
95 150 6.37
171 140 4.82
159 220 2.3
198 75 8.03
53 67 1.76
128 115 -5.84
145 180 -7.82
2 122 -1.98
205 135 -4.9
220 220 -0.63
218 24 -4.78
28 209 -1.64
186 177 7.23
167 184 6.74
53 254 3.07
94 102 0.34
177 101 -5.59
136 83 -3.9
37 157 -7.08
131 13 -8.19
214 128 -8.95
6 87 -5.97
55 270 -5.21
222 40 5.62
184 44 4.43
143 172 4.18
117 34 -0.36
45 4 -2.96
66 97 -0.94
128 251 -2.95
134 212 -5.35
251 182 9.77
8 73 -1.21
10 107 -7.19
74 60 2.46
184 3 -8.27
129 194 -3.04
154 151 9.79
202 135 -8.9
46 100 1.87
232 100 9.32
91 134 -2.92
61 269 5.57
171 210 -1.21
155 2 1.22
153 254 -3.83
160 42 2.68
171 96 -7.35
196 226 -5.59
102 157 3.91
252 6 -8.43
267 119 -1.03
61 29 3.98
106 211 -0.52
259 81 0.12
69 18 4.95
93 219 -1.6
203 130 -8.9
104 0 -7.82
263 36 1.78
194 36 4.56
164 237 8.06
93 221 -1.9
61 155 -3.56
180 93 -2.84
67 83 -6.83
2 4 0.79
59 159 -4.05
53 38 5.25
93 40 4.44
193 91 8.77
32 163 -3.16
61 206 -7.94
10 133 2.84
50 72 -6.99
2 214 6.71
0 154 -0.56
267 150 -4.84
210 224 -5.55
30 256 3.12
239 195 4.91
240 180 7.14
170 12 -0.03
26 118 -8.36
137 12 -0.2
167 78 5.01
261 110 4.4
141 228 -1.76
30 222 -4.8
254 214 -8.54
252 134 1.8
239 48 4.61
111 210 8.48
235 94 -1.81
196 139 8.95
231 243 6.06
230 80 -8.89
21 10 8.8
251 88 -0.18
268 220 4.1
171 20 -7.36
163 207 3.26
68 75 -5.31
191 21 -4.8
57 64 -9.3
157 76 -3.08
190 27 4.81
187 186 -9.29
3 73 7.98
233 23 0.57
164 121 -9.67
30 193 -3.45
219 213 4.35
57 11 0.37
186 123 7.97
47 30 -7.28
199 51 7.72
21 52 -7.58
2 8 -6.99
221 14 -1.82
265 149 7.0
32 12 -1.8
195 173 -2.62
33 233 -9.85
142 149 -5.39
49 7 -2.48
270 165 8.23
257 71 1.59
197 193 6.8
96 265 -5.36
130 119 -5.24
223 195 1.3
195 1 7.91
13 253 0.23
17 120 -6.24
216 134 -0.91
174 219 -0.4
191 110 -8.3
20 113 0.1
190 103 2.51
17 36 1.87
39 135 9.99
78 154 8.21
4 4 -2.89
240 12 8.18
241 81 9.22
231 251 7.23
45 128 -9.76
108 168 -9.51
92 51 6.44
255 231 -6.8
49 21 -6.71
95 127 -8.46
58 186 9.87
77 130 -9.53
40 89 -1.56
93 238 7.01
102 243 9.38
138 201 6.27
230 62 8.8
206 134 -3.51
220 80 7.08
194 206 -4.44
148 142 2.52
139 50 1.55
36 186 -1.47
257 65 8.5
61 171 -1.01
28 156 3.9
54 35 1.54
264 227 1.05
224 23 1.95
144 246 9.68
156 141 -8.01
138 66 6.25
155 185 -1.84
123 135 0.28
92 177 9.47
58 60 1.11
203 80 -4.38
193 1 6.84
246 34 -1.04
169 164 3.13
115 202 1.79
31 94 -9.37
167 46 5.41
4 7 -8.11
237 216 1.54
141 113 -0.69
204 162 -3.41
155 128 -7.84
179 19 -0.83
220 109 -8.34
152 72 -4.15
188 81 1.95
267 210 1.46
233 142 9.13
30 128 -7.32
258 153 -3.87
17 96 -7.65
23 46 -4.45
46 136 4.4
9 78 6.96
245 120 -3.56
0 236 -5.64
166 216 5.75
57 251 -6.85
98 15 -0.63
88 209 5.31
186 100 7.5
129 252 0.96
190 176 6.72
199 220 -6.76
183 116 9.22
143 235 7.52
187 83 -3.44
143 68 4.98
128 110 -5.65
231 247 4.25
62 209 -7.75
199 104 0.57
84 46 -5.06
17 71 5.97
193 212 -2.51
270 255 3.03
158 118 8.77
35 80 2.79
148 56 -7.01
81 63 4.4
260 74 -3.58
2 224 1.01
14 92 9.05
270 123 4.23
23 108 4.79
159 172 -0.37
65 200 0.44
59 234 8.55
268 153 -7.95
98 117 -0.89
3 37 4.47
183 243 5.92
131 64 -7.77
96 24 3.03
261 151 -0.42
3 234 -4.24
126 256 -9.01
154 270 8.11
205 129 -8.17
108 32 5.55
27 150 -2.66
133 10 -8.64
11 8 5.21
22 82 -4.32
108 211 -3.69
86 107 -4.2
266 248 6.01
262 96 6.5
204 169 -3.91
53 187 8.87
65 51 5.39
125 179 -0.84
119 78 3.73
101 2 0.97
40 214 -8.34
2 265 -4.75
62 77 -3.68
198 36 6.97
77 265 6.66
73 47 3.92
110 158 -7.71
77 86 -8.35
110 234 3.07
39 81 2.37
160 204 -7.37
131 38 0.64
120 217 5.7
133 70 -4.36
151 243 4.31
48 22 3.3
239 267 2.57
105 13 -3.67
59 206 4.43
205 237 -3.03
189 44 -0.6
149 176 -1.64
119 58 7.26
242 58 -3.23
223 186 4.05
73 16 -0.21
248 10 -5.17
61 263 7.62
73 115 5.52
233 155 3.09
167 58 4.21
158 110 7.42
194 123 4.0
201 29 0.76
19 260 -8.59
244 80 -3.72
95 94 -7.72
228 256 7.36
15 214 -2.96
12 196 9.31
122 46 2.88
245 163 0.71
219 169 1.06
270 35 3.01
104 78 1.48
83 212 3.88
178 12 -2.33
184 31 -5.45
11 207 -7.71
185 185 2.01
249 92 9.09
167 74 7.85
239 119 -7.49
53 33 4.5
222 263 -7.6
197 160 3.33
264 198 -7.06
268 119 6.2
64 261 0.88
36 14 2.68
230 142 8.42
39 138 -4.74
242 237 -3.41
134 133 1.2
44 77 0.19
113 35 -1.34
88 177 3.32
197 47 -0.84
160 254 -6.16
232 92 -9.08
209 224 0.38
259 204 7.74
242 72 2.65
73 141 -8.25
27 229 3.29
119 267 7.17
268 114 6.49
141 95 3.29
87 204 -0.71
256 200 -7.6
267 121 -7.4
186 246 7.78
242 106 5.75
100 118 -1.82
187 125 4.17
139 146 0.68
245 49 0.87
233 233 6.49
253 206 -2.84
126 152 1.47
266 188 2.12
224 209 -3.58
191 199 -0.11
188 205 -3.73
49 34 -4.61
216 198 2.33
225 178 -6.92
156 174 3.44
60 108 0.61
55 12 5.32
93 228 4.25
52 215 -3.99
236 215 7.58
104 187 -8.37
203 234 -7.85
57 139 6.65
143 38 4.05
232 189 -8.44
164 146 -8.83
69 113 6.95
258 82 8.46
132 178 -7.96
113 100 -5.56
16 78 6.16
217 70 1.65
68 14 -1.08
44 239 0.07
171 155 -1.31
247 235 -1.57
182 233 7.05
236 26 0.53
68 72 7.09
140 195 -7.12
224 55 -4.52
29 166 -5.38
2 90 7.92
223 47 -3.65
226 82 -3.08
101 188 6.07
269 87 0.26
203 4 -0.32
166 1 -2.9
125 113 4.98
134 99 7.16
1 83 5.25
89 2 1.17
235 218 -0.17
34 47 -4.94
170 29 2.54
25 56 8.31
137 256 4.13
244 266 -6.79
80 181 -1.25
212 239 -8.15
264 69 -6.6
63 223 -9.33
163 129 1.69
240 79 5.99
134 269 5.77
1 108 0.36
0 23 1.75
209 177 1.14
117 209 -1.84
108 191 1.69
18 140 -5.04
81 188 -7.31
188 138 -2.56
242 48 -6.27
93 231 5.23
119 206 9.76
102 220 -9.06
93 261 9.74
137 27 5.85
114 33 -7.98
238 6 -9.64
178 9 1.61
256 110 6.66
90 235 -5.95
73 212 -1.97
214 178 0.15
185 73 1.3
70 221 -7.07
164 113 4.8
19 198 9.96
67 118 -8.78
159 219 -8.03
250 33 -4.46
140 27 -8.41
260 259 -0.34
129 107 -0.51
77 136 7.2
220 182 -0.35
256 124 -1.23
209 222 7.61
58 16 -4.81
81 48 -5.3
138 116 8.79
99 3 7.73
157 144 9.87
181 87 -5.3
245 122 9.13
80 127 1.66
10 194 -2.2
27 180 2.97
79 184 -9.68
48 51 9.7
19 98 -5.28
197 15 8.47
30 35 6.05
159 16 9.72
58 166 -3.69
107 151 1.51
156 80 6.1
9 92 -3.19
189 143 6.46
92 165 -4.9
221 98 -7.79
185 256 1.6
166 130 1.99
117 252 8.07
173 162 -3.93
52 257 -9.03
128 204 -8.11
9 232 -6.13
130 71 -5.38
141 34 -7.97
72 189 -0.4
180 127 2.84
67 125 9.75
95 194 1.2
104 25 0.44
168 205 -4.66
159 141 3.68
52 212 -0.7
259 267 -6.78
73 58 -3.23
225 84 1.45
137 44 9.6
224 196 -2.3
121 169 -4.84
202 230 -3.88
87 194 -0.36
240 208 -2.28
172 227 -7.19
7 73 6.75
124 135 -6.95
47 116 0.08
22 100 -7.12
196 267 4.31
226 52 -6.87
212 101 -0.45
138 185 -6.26
49 78 0.92
55 114 0.7
159 76 2.62
88 269 2.4
238 77 5.07
108 105 0.66
123 29 4.45
66 153 -4.66
169 265 4.51
58 189 2.54
0 140 -2.42
65 185 7.86
158 227 4.88
75 247 -7.31
126 184 1.73
264 181 -1.89
43 85 -6.5
18 225 -9.53
19 10 -9.67
159 213 3.78
223 185 8.75
95 138 -7.46
206 165 8.47
68 88 9.93
269 116 -3.29
5 13 -1.36
25 148 -8.61
253 215 -0.01
185 156 -3.47
195 75 -5.16
77 174 -2.83
262 70 0.4
187 198 -0.7
169 151 -6.57
256 152 -3.51
71 60 -9.96
9 211 -9.67
225 0 6.65
229 256 0.99
194 229 -7.74
52 116 7.84
53 138 -0.26
221 207 -8.62
149 160 -7.01
74 148 6.58
36 181 -3.67
120 193 2.25
188 54 -8.3
235 109 9.34
237 62 -0.56
162 191 3.0
177 146 -0.56
226 38 9.49
270 99 -1.79
206 154 -8.47
187 29 -6.9
163 190 -6.11
115 264 7.44
29 142 9.78
132 236 4.64
192 238 9.16
266 185 6.66
263 159 -0.92
92 268 2.21
163 175 4.37
213 229 6.95
239 116 1.91
6 27 8.68
66 209 -8.3
52 80 9.97
176 258 -3.96
47 71 4.87
95 158 9.3
189 182 -2.6
210 151 -4.15
93 193 2.39
239 42 -8.03
91 189 -1.08
156 79 0.4
197 257 -9.16
43 18 -7.1
12 172 -5.08
175 123 2.82
102 17 -1.4
203 203 8.94
158 177 8.21
77 166 9.48
67 154 -6.35
255 216 -5.46
115 218 -7.19
216 192 3.17
137 118 -4.69
85 107 3.76
174 49 3.1
50 145 7.86
269 216 6.46
216 253 -9.58
224 86 -3.32
101 270 -8.78
47 229 3.47
207 72 -5.52
57 162 4.05
149 126 -8.92
237 226 -4.72
108 259 -8.38
6 210 9.19
262 175 -2.97
16 260 -3.82
196 2 0.29
43 51 2.33
266 187 3.15
143 94 4.85
36 234 1.47
205 16 0.69
122 211 1.8
90 95 7.86
202 203 -8.64
231 27 4.43
70 67 -0.81
197 158 9.55
152 86 -9.89
270 73 -9.62
158 178 -3.06
122 120 5.1
111 37 1.52
96 89 -6.59
61 50 6.94
21 141 7.76
121 129 -7.33
24 103 -0.55
260 79 -9.49
43 229 8.94
9 33 6.93
116 174 -4.84
118 52 3.6
227 40 -5.96
237 179 6.18
12 12 -5.03
227 253 6.2
267 106 -4.39
54 266 3.6
227 140 -2.42
123 170 3.1
224 246 -6.6
26 156 -6.4
202 259 6.12
219 214 -9.09
75 77 4.56
188 109 1.73
108 148 8.59
148 13 9.47
15 172 -8.96
98 188 -3.0
71 249 -5.93
256 134 5.96
58 213 -4.63
89 5 0.87
154 209 5.48
47 207 -2.69
143 179 5.79
210 160 -5.13
234 78 0.95
214 236 2.91
202 163 9.03
123 110 -8.94
238 227 6.97
213 201 7.07
82 250 -0.9
200 258 -5.21
12 267 -9.34
112 60 2.97
36 28 6.64
116 59 -5.33
261 68 -5.97
19 136 -1.33
20 92 -2.19
221 86 -3.03
133 136 -5.95
223 218 -0.82
36 219 2.22
99 108 -6.44
141 222 0.68
267 44 4.63
13 152 -8.45
114 208 5.84
249 256 3.64
155 81 4.66
53 178 -6.66
172 152 7.09
219 203 -5.03
57 153 -1.19
93 72 3.5
72 246 4.84
75 216 -7.15
156 204 1.66
104 39 -1.69
169 47 4.53
51 220 -0.96
235 233 0.35
263 178 1.98
199 87 3.48
153 153 0.27
175 10 -2.78
151 61 3.9
219 154 -8.7
95 35 -0.34
66 61 4.21
188 37 8.69
61 180 7.29
60 29 -5.97
61 161 7.56
176 106 3.68
226 112 4.24
9 175 -5.56
40 42 -3.16
121 95 4.23
29 194 -5.11
198 236 8.81
72 205 -4.72
47 16 -8.71
231 24 -3.18
151 70 -2.21
23 181 1.37
147 202 -0.51
139 119 -6.44
169 38 9.27
227 183 9.69
254 269 -3.44
47 172 3.73
128 61 2.12
103 155 1.75
234 10 -3.18
196 50 6.51
250 185 -8.31
130 20 2.66
143 146 2.56
137 131 -2.76
268 11 -5.13
196 57 6.35
178 84 -7.61
187 86 -9.61
132 195 2.03
255 247 0.08
250 244 4.25
58 222 6.33
2 143 7.28
167 22 0.47
47 249 3.06
177 192 3.07
66 170 2.51
75 0 2.63
174 107 1.7
222 232 -0.44
72 32 -0.21
104 9 -6.83
217 268 3.0
149 241 -6.8
184 168 -8.51
60 25 -8.57
117 28 -4.12
39 47 6.66
172 191 9.63
180 24 9.59
261 79 4.27
253 69 7.53
8 87 -4.67
40 119 1.13
165 36 0.97
109 43 -5.53
140 95 0.58
28 23 3.87
82 113 -5.98
96 92 -6.42
106 63 -3.72
158 85 5.51
114 263 3.71
43 14 0.9
55 96 -3.74
30 149 -6.14
91 210 -2.11
40 129 4.81
122 106 9.39
125 27 8.15
214 81 -7.59
211 0 1.41
260 103 -5.13
202 54 4.92
189 115 3.7
245 150 -9.71
18 158 -8.51
117 198 -7.1
250 144 -8.61
226 153 -2.08
69 163 -5.39
250 47 8.64
127 201 7.96
251 257 -6.66
142 51 -8.88
0 235 0.61
235 62 6.76
198 254 -1.01
203 20 -1.68
201 24 -6.9
172 137 1.27
207 134 -1.53
113 250 2.14
22 173 0.16
60 168 2.97
246 135 -7.16
60 36 9.28
92 258 -8.54
65 64 -7.97
230 96 7.15
145 211 8.66
7 118 1.93
159 90 6.33
94 148 -4.26
74 221 7.53
16 127 5.25
11 141 -6.99
56 265 -3.63
231 220 -9.31
168 19 -1.72
261 87 5.5
257 151 5.43
238 110 -8.43
201 84 -1.08
67 107 -8.36
1 181 -2.84
123 193 -4.77
121 191 -2.96
46 54 9.77
184 47 5.96
152 44 2.17
199 262 -9.05
23 72 -7.48
157 218 8.1
21 137 -1.12
263 267 -0.0
175 234 -9.81
156 104 0.8
226 151 2.75
69 81 4.13
234 225 1.27
33 129 -8.31
31 164 -8.58
128 133 -0.23
168 0 2.65
149 25 5.78
249 96 2.06
106 210 -1.04
145 82 1.5
2 252 3.1
52 39 -8.93
225 156 -9.67
149 57 -0.67
154 114 -6.26
27 244 2.53
222 233 2.58
9 254 -9.22
132 90 -9.11
36 177 9.61
32 7 0.41
125 167 5.64
56 101 -0.12
50 52 6.97
47 246 6.75
71 166 -3.53
131 19 -0.35
8 229 9.83
57 223 -8.64
111 168 1.28
66 220 7.26
68 6 8.96
200 8 5.18
207 11 3.6
126 32 -7.59
228 212 4.31
213 158 0.13
98 62 3.14
260 90 0.09
228 92 8.83
223 12 -9.44
184 94 -3.52
178 173 -6.64
25 54 -3.75
199 237 8.35
8 165 5.66
25 191 -6.44
74 186 7.56
106 102 3.17
123 242 1.81
175 138 -0.72
261 202 -5.12
56 46 -8.09
242 269 2.78
37 94 5.57
100 235 -2.56
267 186 3.84
47 242 6.29
160 100 -2.56
102 196 -8.02
253 100 -8.88
135 14 1.74
214 231 6.11
24 196 1.0
115 139 -3.01
92 90 -7.93
193 213 -6.56
56 47 7.1
218 99 9.93
206 172 -2.7
116 97 -8.77
85 166 -1.3
235 84 0.16
171 240 -1.95
172 26 -1.9
270 180 0.25
37 215 6.97
22 24 2.46
130 8 -9.19
246 162 4.81
267 235 -1.54
268 59 -2.95
7 134 2.72
167 132 -9.0
198 70 6.71
105 203 7.83
127 38 -6.16
56 25 7.98
245 43 -8.87
184 6 0.62
165 55 -7.46
9 114 -0.57
0 76 5.98
90 32 1.78
8 57 7.08
131 200 -5.46
173 65 2.29
34 163 1.93
124 72 9.63
89 81 -7.64
68 38 4.07
131 225 -9.27
75 244 -0.33
36 246 6.08
195 159 6.67
113 14 2.66
235 164 -9.68
73 208 2.06
128 240 6.7
261 216 -7.93
215 254 -9.01
110 114 3.3
217 92 -6.12
248 207 -6.21
202 67 -5.33
270 216 -3.47
217 25 -1.15
251 73 -4.6
15 246 7.79
228 111 -8.72
32 264 -5.1
5 248 -9.39
61 35 -0.82
97 102 -3.21
205 172 7.01
19 51 -5.52
73 137 7.0
140 44 -4.24
206 178 -4.39
224 25 3.7
106 183 -9.71
191 9 -6.6
125 25 2.42
166 144 -5.84
17 193 4.71
220 230 7.14
129 116 5.99
218 30 2.49
20 171 6.28
93 204 7.55
222 15 8.45
160 226 4.57
244 52 -2.25
214 258 3.32
1 11 -4.27
37 20 9.51
236 154 4.8
90 257 -8.79
191 124 2.96
34 79 9.84
169 255 3.23
135 0 2.27
104 75 -7.51
10 20 4.83
15 237 5.86
233 256 0.27
69 198 8.26
105 250 -1.44
11 176 7.35
0 163 1.38
256 108 0.36
180 195 -5.1
242 242 -4.98
259 41 9.74
157 200 -2.7
19 96 -4.53
107 170 -8.14
248 79 -1.04
175 65 -3.18
59 42 -0.91
101 125 2.51
26 66 -5.78
259 35 -2.07
175 162 4.05
78 54 5.95
155 201 -8.18
18 253 -8.28
146 243 -2.62
23 118 9.79
46 35 2.75
33 268 3.96
14 46 -6.59
233 125 -3.88
11 195 7.13
105 99 -6.95
170 159 -7.8
125 107 7.79
20 232 5.2
99 72 -2.19
187 253 -5.73
124 42 -1.58
125 196 0.72
268 258 -3.95
16 37 7.68
159 193 -3.31
130 52 4.61
181 252 3.08
132 74 -6.67
79 123 -9.82
84 123 -1.3
21 105 -9.98
242 80 -5.3
191 86 -7.82
89 160 5.53
40 256 -3.44
264 79 8.82
155 35 -8.95
253 118 -2.79
159 214 -1.36
147 31 -6.68
240 124 2.7
255 251 4.33
217 156 9.36
139 131 -8.25
179 55 -3.81
104 59 7.29
52 16 -6.94
120 174 -3.98
8 23 5.89
72 23 -5.61
3 156 -5.42
200 29 -6.71
106 39 0.4
60 50 -5.87
97 9 3.02
67 132 -7.93
109 15 -5.88
161 5 1.0
101 247 2.61
34 132 7.59
107 109 0.2
265 56 7.52
126 190 -1.07
2 264 -0.46
86 255 4.63
83 104 9.07
255 243 -2.58
172 156 -4.69
232 247 0.77
106 119 0.25
217 149 0.48
138 181 0.86
89 230 -3.16
265 176 -6.13
0 215 5.03
175 9 -9.65
11 14 -0.6
30 270 -8.37
86 99 0.09
76 100 7.99
171 127 4.39
74 102 5.32
88 91 -1.85
64 212 4.65
43 163 -7.89
28 105 -6.32
189 72 -0.48
114 5 9.78
121 57 2.4
145 28 3.81
97 42 -1.09
245 160 8.04
27 85 9.6
152 96 2.23
251 238 8.66
63 177 -8.34
90 118 -3.98
192 109 -8.45
9 98 -4.92
149 152 9.39
46 87 -6.48
234 187 -8.22
170 114 2.73
114 42 4.13
173 73 3.42
10 179 -3.4
152 180 2.01
57 110 5.94
124 178 -0.56
252 164 1.11
139 105 0.43
242 14 9.79
250 67 -6.88
260 195 -5.85
21 186 2.01
111 40 -9.68
27 29 2.21
21 201 -6.41
55 249 -7.79
210 137 0.09
28 246 -5.35
154 142 -1.15
72 223 4.61
256 176 -5.15
198 258 -7.42
161 136 -0.13
65 5 4.91
154 92 5.02
157 162 -2.72
210 142 -0.85
17 32 3.71
145 179 -4.64
70 266 -1.39
158 218 3.36
70 197 6.22
90 230 -5.34
76 41 5.79
7 6 -0.4
166 62 6.0
223 145 7.77
37 241 1.26
194 157 3.77
5 108 -3.24
226 263 8.08
145 96 1.13
214 247 4.99
188 118 -9.35
95 146 6.82
245 159 6.29
188 136 -7.71
81 34 -8.29
56 237 -4.39
50 127 8.31
86 246 -2.5
217 59 -4.97
187 223 5.19
237 76 9.48
45 213 0.66
96 10 3.11
218 4 -3.56
100 224 7.94
38 107 -7.14
234 120 -9.92
71 12 7.56
125 60 -4.12
236 206 4.4
48 231 9.22
256 67 -4.12
70 238 -4.08
120 204 -8.55
270 18 -4.94
189 225 5.16
123 211 7.98
252 71 6.14
0 210 3.86
97 40 9.23
249 139 -7.08
165 258 -1.09
215 248 3.52
1 152 9.64
244 151 6.12
12 109 6.73
270 166 -4.74
78 218 8.33
122 206 -1.69
138 172 -7.75
21 217 -0.69
5 147 -4.2
202 204 -8.88
44 93 3.28
169 195 -5.79
68 228 8.5
185 65 2.83
215 51 -4.57
106 141 7.33
59 223 -0.83
75 248 8.05
96 50 -8.54
37 45 -7.16
233 229 9.5
240 209 -2.45
59 116 -7.11
30 21 -1.64
26 93 -8.18
15 269 -2.94
54 203 -0.9
111 142 3.82
137 265 9.15
179 127 4.72
98 149 0.06
65 40 -2.31
32 92 -5.41
191 74 -5.8
8 184 9.42
164 60 -1.46
52 250 -5.96
240 88 4.37
179 267 -2.63
170 73 5.02
204 147 -8.27
10 263 1.54
183 114 6.35
251 223 -8.47
220 266 -8.34
165 263 4.7
173 260 2.28
161 35 -1.75
147 131 5.04
170 239 4.87
48 29 2.28
268 29 3.69
68 200 0.84
214 267 -4.08
139 91 -0.7
173 148 -2.94
34 17 -6.51
104 99 -4.92
172 139 9.24
20 93 -9.93
105 72 6.11
136 49 3.27
74 68 -9.4
197 27 -6.46
219 231 -2.53
73 60 -3.14
14 75 -0.81
194 255 6.05
258 53 -3.3
69 218 1.18
30 262 -7.33
126 42 -2.1
210 256 3.34
224 188 -8.67
93 210 2.84
204 70 -1.73
209 62 -9.14
254 258 -4.67
244 6 8.13
186 88 -4.36
50 2 -6.29
109 132 -3.08
78 247 9.82
5 246 2.22
229 47 1.15
43 41 3.96
204 89 2.01
122 264 -0.3
226 182 -4.6
126 196 7.98
234 12 9.85
77 79 -5.58
24 85 -6.48
144 88 -5.06
256 162 7.16
237 37 -2.58
119 8 5.74
199 174 -1.22
201 19 -9.33
132 153 4.54
139 236 -8.03
194 28 -7.4
173 105 -3.55
90 187 -8.03
60 41 2.81
204 262 -3.31
63 60 -6.22
95 59 1.58
169 252 4.34
236 222 8.71
180 81 3.68
29 106 -8.36
75 4 8.48
192 139 -3.69
170 211 2.47
194 199 2.41
52 171 8.42
231 261 -4.36
137 63 1.98
245 192 7.56
234 61 1.52
127 223 1.81
217 113 7.49
226 23 -2.19
216 111 8.57
103 98 -7.05
226 205 0.21
36 257 4.95
11 112 -5.45
4 90 -4.6
166 156 6.33
25 68 -1.68
51 269 -8.45
134 119 2.95
265 181 -6.9
164 136 1.96
134 3 -2.31
199 193 1.86
65 36 -6.9
130 174 -1.0
23 70 7.9
108 96 -9.96
176 39 -2.8
66 254 3.86
1 35 0.78
60 152 5.73
87 10 -2.15
197 177 -4.43
258 105 -9.82
163 266 4.12
74 143 0.9
216 93 5.76
196 47 1.31
252 81 7.57
1 81 -9.42
267 249 7.72
255 132 -5.02
214 18 -1.81
142 4 -5.37
104 189 -2.54
134 221 -2.7
15 240 8.45
238 99 7.36
200 217 2.44
253 176 6.2
89 37 9.48
258 155 7.57
27 252 0.4
180 259 2.59
94 16 7.96
140 57 -2.73
39 178 2.6
148 183 -9.58
118 259 -1.13
208 43 -9.77
137 216 1.81
233 116 -8.79
46 58 -1.33
229 62 4.06
126 107 9.06
14 173 7.02
60 136 7.88
247 62 -4.68
61 142 0.45
169 69 1.16
236 29 -1.41
30 176 -5.85
222 70 -2.57
122 14 -1.05
32 263 -8.79
32 204 5.51
40 88 -6.28
62 241 1.4
100 244 5.25
90 151 5.32
133 214 -5.58
30 56 -6.67
60 39 7.98
34 168 7.62
107 90 -9.33
190 74 9.04
221 136 -6.11
20 164 -4.3
109 71 9.01
121 60 -3.39
53 234 -6.22
193 239 -8.02
9 0 -1.53
250 14 9.04
175 107 7.67
121 118 -6.06
154 22 1.47
201 8 -2.32
73 184 -4.71
78 148 6.8
5 206 -1.37
189 16 3.56
77 102 8.89
122 73 2.93
56 203 0.57
33 76 4.12
43 17 4.56
259 246 -2.53
233 13 -1.63
65 104 -4.95
256 111 8.44
8 160 2.11
104 29 -7.97
212 81 -8.44
259 15 -3.2
233 254 -8.03
223 20 8.93
222 265 -4.34
191 239 4.82
38 241 -1.1
60 27 -2.67
131 31 2.2
122 64 5.25
217 177 5.88
237 14 -3.92
21 11 -3.88
250 181 -2.4
97 85 1.1
24 180 -5.75
68 146 -6.68
88 141 5.12
99 130 2.61
99 144 1.73
179 243 4.4
80 176 9.67
194 114 -5.51
53 104 1.55
109 86 -2.62
208 200 -5.09
104 120 5.23
176 251 3.58
112 166 -2.67
180 84 8.3
168 88 2.77
0 37 -3.67
267 82 -0.1
74 39 -6.53
110 199 -7.49
184 84 -2.4
210 174 4.76
71 236 -7.61
225 81 9.45
6 238 4.14
0 232 -3.5
158 233 -0.47
7 186 7.45
115 3 1.77
256 220 -2.86
101 112 7.87
171 124 -5.46
221 227 -3.76
140 269 -2.07
71 46 -8.14
36 140 2.0
90 74 7.52
215 98 -0.91
72 178 -3.99
132 73 3.6
136 193 -7.86
48 216 -4.78
96 49 -5.84
7 136 8.81
187 208 -3.72
229 125 -9.9
64 260 -1.69
223 206 -8.81
252 48 4.35
94 257 -7.64
180 208 2.94
146 258 9.42
72 160 9.71
248 258 -7.43
128 217 4.89
57 9 2.37
118 200 1.48
43 105 -6.56
95 131 -0.86
127 160 -8.11
44 189 -1.04
109 175 -8.41
68 203 9.28
248 117 -5.73
113 24 6.92
19 60 -9.36
114 83 2.96
120 208 -1.57
168 166 8.86
163 135 -7.65
207 264 -2.2
1 30 -6.95
44 205 -6.86
196 218 0.24
265 49 0.71
53 141 -6.65
156 198 2.8
86 31 -5.69
181 193 -0.76
55 134 4.18
75 53 -3.76
120 166 -2.72
237 126 8.11
40 197 4.7
267 190 -4.77
142 166 8.7
163 57 -2.47
50 188 4.45
240 170 -6.22
153 16 -6.08
88 203 6.83
123 53 -5.34
6 170 0.51
99 192 7.7
109 118 -6.61
50 263 6.65
257 186 5.11
182 112 2.12
117 2 -3.45
182 29 -1.65
85 57 -0.14
103 81 -6.89
65 41 -2.63
178 185 1.26
246 167 -4.84
215 54 8.36
83 205 -4.75
51 141 7.65
7 51 0.71
100 111 9.71
154 112 6.59
109 143 -7.4
6 264 4.2
120 52 8.51
153 263 4.99
132 156 0.43
46 194 3.77
54 230 7.85
78 146 6.24
16 64 1.37
104 226 -8.28
138 126 0.8
41 249 -3.45
117 58 -4.2
177 166 -9.81
10 219 -8.35
259 126 -7.96
270 226 -1.57
89 107 -5.92
194 72 3.27
126 13 1.7
51 147 3.79
161 227 -7.74
245 36 9.58
51 101 3.34
258 102 2.56
249 171 1.65
211 212 -8.31
29 88 0.27
0 62 4.99
27 93 -6.01
164 114 -3.41
182 72 0.15
208 16 5.92
239 126 7.74
38 226 -7.41
239 141 6.11
141 179 -9.0
131 183 6.41
186 78 -3.92
16 244 2.77
88 106 -8.58
79 98 -7.55
57 105 -3.36
201 38 9.74
152 28 5.7
44 124 1.45
46 265 -4.23
181 223 0.68
62 176 -5.46
265 205 4.44
62 88 7.0
169 28 0.32
186 56 1.59
161 40 -0.62
22 115 -8.7
84 20 6.96
114 24 1.8
108 131 -1.05
32 227 7.07
43 26 8.08
97 96 -8.84
207 252 1.28
150 112 9.22
234 75 8.04
230 115 5.53
145 182 6.98
36 139 -6.36
147 136 6.99
270 118 -9.35
158 13 5.98
186 53 8.35
153 132 -1.72
221 58 8.24
244 119 -3.45
59 141 -5.74
191 189 -3.87
6 255 -9.11
11 108 7.57
7 168 -6.26
207 70 7.59
155 58 4.79
219 71 1.25
258 14 -5.54
9 256 9.07
261 179 0.12
240 172 -9.63
213 127 1.53
229 29 -6.12
193 140 4.32
45 163 -1.92
267 122 -3.17
136 12 8.57
42 250 1.56
167 192 -4.74
47 99 9.48
238 75 3.52
259 261 6.41
167 43 1.35
67 178 -0.33
47 76 9.51
12 112 3.18
100 172 1.28
51 249 -1.26
7 192 0.8
21 5 5.62
185 159 -3.4
137 0 -1.93
196 130 6.42
17 204 -9.76
221 173 -6.23
191 138 9.09
44 97 6.41
23 208 -7.77
179 167 4.13
215 161 -8.71
162 211 -3.47
266 191 -2.49
255 117 -3.94
15 138 6.02
267 244 -6.61
90 215 9.18
181 211 -6.49
143 100 0.85
193 268 -7.83
19 161 7.09
130 6 1.73
4 86 0.78
228 202 4.64
188 133 -6.84
242 172 0.31
218 58 -5.5
202 183 9.88
66 118 -5.19
203 115 -1.39
19 24 -0.26
236 12 1.71
202 207 -0.47
57 236 1.74
58 123 -4.2
251 179 5.74
223 115 6.31
64 61 -8.65
245 16 2.09
80 213 -3.71
167 115 0.11
209 44 9.38
162 197 8.79
130 197 -8.84
120 216 9.71
206 197 0.12
4 78 -1.69
141 78 6.67
182 220 -3.7
179 21 -6.88
228 90 1.89
97 135 -2.07
153 191 1.38
187 179 -8.75
237 256 4.35
185 160 -1.5
118 35 0.12
115 156 1.86
219 96 4.91
54 83 -5.41
265 125 2.27
6 224 -9.96
40 62 -6.8
7 231 3.2
248 38 -1.8
192 61 5.3
21 177 7.22
81 45 -4.17
136 114 -7.88
72 45 9.61
94 92 -3.75
230 4 -8.34
153 19 -9.49
193 200 9.47
50 233 -5.93
183 25 -1.71
60 247 -3.45
42 117 -2.87
53 22 -7.37
109 49 7.62
82 12 -1.75
240 197 2.31
163 227 -7.81
141 134 -3.33
84 229 9.14
102 65 -3.22
162 8 3.07
127 230 -5.03
249 14 -4.09
266 68 -4.71
77 36 -1.1
245 80 1.66
116 162 -3.69
163 254 -0.47
128 215 -5.41
254 0 -0.41
147 116 -7.1
185 3 -7.08
106 194 6.75
146 269 -1.55
31 216 5.49
101 268 1.88
118 60 -7.99
68 45 -8.66
88 165 -2.88
201 234 3.77
108 37 4.22
109 112 -0.37
146 110 2.74
121 38 -9.02
119 243 4.63
45 57 -3.42
179 199 7.55
